1157442765409226991
4335
1052783
4207
68988965103
4335
1052783
4207
1157442765409226990
4334
1052782
4206
68988965102
4334
1052782
4206
1157442765409226988
4332
1052780
4204
68988965100
4332
1052780
4204
1157442765409226988
4332
1052780
4204
68988965100
4332
1052780
4204
1157442765409226984
4328
1052776
4200
68988965096
4328
1052776
4200
1157442765409226984
4328
1052776
4200
68988965096
4328
1052776
4200
1157442765409226984
4328
1052776
4200
68988965096
4328
1052776
4200
1157442765409226984
4328
1052776
4200
68988965096
4328
1052776
4200
4521260802380015
4335
1052783
4207
68988965103
4335
1052783
4207
4521260802380014
4334
1052782
4206
68988965102
4334
1052782
4206
4521260802380012
4332
1052780
4204
68988965100
4332
1052780
4204
4521260802380012
4332
1052780
4204
68988965100
4332
1052780
4204
4521260802380008
4328
1052776
4200
68988965096
4328
1052776
4200
4521260802380008
4328
1052776
4200
68988965096
4328
1052776
4200
4521260802380008
4328
1052776
4200
68988965096
4328
1052776
4200
4521260802380008
4328
1052776
4200
68988965096
4328
1052776
4200
1157442765409226799
4143
1052719
4143
68988964911
4143
1052719
4143
1157442765409226798
4142
1052718
4142
68988964910
4142
1052718
4142
1157442765409226796
4140
1052716
4140
68988964908
4140
1052716
4140
1157442765409226796
4140
1052716
4140
68988964908
4140
1052716
4140
1157442765409226792
4136
1052712
4136
68988964904
4136
1052712
4136
1157442765409226792
4136
1052712
4136
68988964904
4136
1052712
4136
1157442765409226792
4136
1052712
4136
68988964904
4136
1052712
4136
1157442765409226792
4136
1052712
4136
68988964904
4136
1052712
4136
4521260802379823
4143
1052719
4143
68988964911
4143
1052719
4143
4521260802379822
4142
1052718
4142
68988964910
4142
1052718
4142
4521260802379820
4140
1052716
4140
68988964908
4140
1052716
4140
4521260802379820
4140
1052716
4140
68988964908
4140
1052716
4140
4521260802379816
4136
1052712
4136
68988964904
4136
1052712
4136
4521260802379816
4136
1052712
4136
68988964904
4136
1052712
4136
4521260802379816
4136
1052712
4136
68988964904
4136
1052712
4136
4521260802379816
4136
1052712
4136
68988964904
4136
1052712
4136
1157442765409226863
4207
1052911
4335
68988964975
4207
1052911
4335
1157442765409226862
4206
1052910
4334
68988964974
4206
1052910
4334
1157442765409226860
4204
1052908
4332
68988964972
4204
1052908
4332
1157442765409226860
4204
1052908
4332
68988964972
4204
1052908
4332
1157442765409226856
4200
1052904
4328
68988964968
4200
1052904
4328
1157442765409226856
4200
1052904
4328
68988964968
4200
1052904
4328
1157442765409226856
4200
1052904
4328
68988964968
4200
1052904
4328
1157442765409226856
4200
1052904
4328
68988964968
4200
1052904
4328
4521260802379887
4207
1052911
4335
68988964975
4207
1052911
4335
4521260802379886
4206
1052910
4334
68988964974
4206
1052910
4334
4521260802379884
4204
1052908
4332
68988964972
4204
1052908
4332
4521260802379884
4204
1052908
4332
68988964972
4204
1052908
4332
4521260802379880
4200
1052904
4328
68988964968
4200
1052904
4328
4521260802379880
4200
1052904
4328
68988964968
4200
1052904
4328
4521260802379880
4200
1052904
4328
68988964968
4200
1052904
4328
4521260802379880
4200
1052904
4328
68988964968
4200
1052904
4328
1157442765409226799
4143
1052719
4143
68988964911
4143
1052719
4143
1157442765409226798
4142
1052718
4142
68988964910
4142
1052718
4142
1157442765409226796
4140
1052716
4140
68988964908
4140
1052716
4140
1157442765409226796
4140
1052716
4140
68988964908
4140
1052716
4140
1157442765409226792
4136
1052712
4136
68988964904
4136
1052712
4136
1157442765409226792
4136
1052712
4136
68988964904
4136
1052712
4136
1157442765409226792
4136
1052712
4136
68988964904
4136
1052712
4136
1157442765409226792
4136
1052712
4136
68988964904
4136
1052712
4136
4521260802379823
4143
1052719
4143
68988964911
4143
1052719
4143
4521260802379822
4142
1052718
4142
68988964910
4142
1052718
4142
4521260802379820
4140
1052716
4140
68988964908
4140
1052716
4140
4521260802379820
4140
1052716
4140
68988964908
4140
1052716
4140
4521260802379816
4136
1052712
4136
68988964904
4136
1052712
4136
4521260802379816
4136
1052712
4136
68988964904
4136
1052712
4136
4521260802379816
4136
1052712
4136
68988964904
4136
1052712
4136
4521260802379816
4136
1052712
4136
68988964904
4136
1052712
4136
269488367
4335
1052783
4207
269488367
4335
1052783
4207
269488366
4334
1052782
4206
269488366
4334
1052782
4206
269488364
4332
1052780
4204
269488364
4332
1052780
4204
269488364
4332
1052780
4204
269488364
4332
1052780
4204
269488360
4328
1052776
4200
269488360
4328
1052776
4200
269488360
4328
1052776
4200
269488360
4328
1052776
4200
269488360
4328
1052776
4200
269488360
4328
1052776
4200
269488360
4328
1052776
4200
269488360
4328
1052776
4200
269488367
4335
1052783
4207
269488367
4335
1052783
4207
269488366
4334
1052782
4206
269488366
4334
1052782
4206
269488364
4332
1052780
4204
269488364
4332
1052780
4204
269488364
4332
1052780
4204
269488364
4332
1052780
4204
269488360
4328
1052776
4200
269488360
4328
1052776
4200
269488360
4328
1052776
4200
269488360
4328
1052776
4200
269488360
4328
1052776
4200
269488360
4328
1052776
4200
269488360
4328
1052776
4200
269488360
4328
1052776
4200
269488175
4143
1052719
4143
269488175
4143
1052719
4143
269488174
4142
1052718
4142
269488174
4142
1052718
4142
269488172
4140
1052716
4140
269488172
4140
1052716
4140
269488172
4140
1052716
4140
269488172
4140
1052716
4140
269488168
4136
1052712
4136
269488168
4136
1052712
4136
269488168
4136
1052712
4136
269488168
4136
1052712
4136
269488168
4136
1052712
4136
269488168
4136
1052712
4136
269488168
4136
1052712
4136
269488168
4136
1052712
4136
269488175
4143
1052719
4143
269488175
4143
1052719
4143
269488174
4142
1052718
4142
269488174
4142
1052718
4142
269488172
4140
1052716
4140
269488172
4140
1052716
4140
269488172
4140
1052716
4140
269488172
4140
1052716
4140
269488168
4136
1052712
4136
269488168
4136
1052712
4136
269488168
4136
1052712
4136
269488168
4136
1052712
4136
269488168
4136
1052712
4136
269488168
4136
1052712
4136
269488168
4136
1052712
4136
269488168
4136
1052712
4136
269488239
4207
1052911
4335
269488239
4207
1052911
4335
269488238
4206
1052910
4334
269488238
4206
1052910
4334
269488236
4204
1052908
4332
269488236
4204
1052908
4332
269488236
4204
1052908
4332
269488236
4204
1052908
4332
269488232
4200
1052904
4328
269488232
4200
1052904
4328
269488232
4200
1052904
4328
269488232
4200
1052904
4328
269488232
4200
1052904
4328
269488232
4200
1052904
4328
269488232
4200
1052904
4328
269488232
4200
1052904
4328
269488239
4207
1052911
4335
269488239
4207
1052911
4335
269488238
4206
1052910
4334
269488238
4206
1052910
4334
269488236
4204
1052908
4332
269488236
4204
1052908
4332
269488236
4204
1052908
4332
269488236
4204
1052908
4332
269488232
4200
1052904
4328
269488232
4200
1052904
4328
269488232
4200
1052904
4328
269488232
4200
1052904
4328
269488232
4200
1052904
4328
269488232
4200
1052904
4328
269488232
4200
1052904
4328
269488232
4200
1052904
4328
269488175
4143
1052719
4143
269488175
4143
1052719
4143
269488174
4142
1052718
4142
269488174
4142
1052718
4142
269488172
4140
1052716
4140
269488172
4140
1052716
4140
269488172
4140
1052716
4140
269488172
4140
1052716
4140
269488168
4136
1052712
4136
269488168
4136
1052712
4136
269488168
4136
1052712
4136
269488168
4136
1052712
4136
269488168
4136
1052712
4136
269488168
4136
1052712
4136
269488168
4136
1052712
4136
269488168
4136
1052712
4136
269488175
4143
1052719
4143
269488175
4143
1052719
4143
269488174
4142
1052718
4142
269488174
4142
1052718
4142
269488172
4140
1052716
4140
269488172
4140
1052716
4140
269488172
4140
1052716
4140
269488172
4140
1052716
4140
269488168
4136
1052712
4136
269488168
4136
1052712
4136
269488168
4136
1052712
4136
269488168
4136
1052712
4136
269488168
4136
1052712
4136
269488168
4136
1052712
4136
269488168
4136
1052712
4136
269488168
4136
1052712
4136
17661175009519
4335
1052783
4207
68988965103
4335
1052783
4207
17661175009518
4334
1052782
4206
68988965102
4334
1052782
4206
17661175009516
4332
1052780
4204
68988965100
4332
1052780
4204
17661175009516
4332
1052780
4204
68988965100
4332
1052780
4204
17661175009512
4328
1052776
4200
68988965096
4328
1052776
4200
17661175009512
4328
1052776
4200
68988965096
4328
1052776
4200
17661175009512
4328
1052776
4200
68988965096
4328
1052776
4200
17661175009512
4328
1052776
4200
68988965096
4328
1052776
4200
17661175009519
4335
1052783
4207
68988965103
4335
1052783
4207
17661175009518
4334
1052782
4206
68988965102
4334
1052782
4206
17661175009516
4332
1052780
4204
68988965100
4332
1052780
4204
17661175009516
4332
1052780
4204
68988965100
4332
1052780
4204
17661175009512
4328
1052776
4200
68988965096
4328
1052776
4200
17661175009512
4328
1052776
4200
68988965096
4328
1052776
4200
17661175009512
4328
1052776
4200
68988965096
4328
1052776
4200
17661175009512
4328
1052776
4200
68988965096
4328
1052776
4200
17661175009327
4143
1052719
4143
68988964911
4143
1052719
4143
17661175009326
4142
1052718
4142
68988964910
4142
1052718
4142
17661175009324
4140
1052716
4140
68988964908
4140
1052716
4140
17661175009324
4140
1052716
4140
68988964908
4140
1052716
4140
17661175009320
4136
1052712
4136
68988964904
4136
1052712
4136
17661175009320
4136
1052712
4136
68988964904
4136
1052712
4136
17661175009320
4136
1052712
4136
68988964904
4136
1052712
4136
17661175009320
4136
1052712
4136
68988964904
4136
1052712
4136
17661175009327
4143
1052719
4143
68988964911
4143
1052719
4143
17661175009326
4142
1052718
4142
68988964910
4142
1052718
4142
17661175009324
4140
1052716
4140
68988964908
4140
1052716
4140
17661175009324
4140
1052716
4140
68988964908
4140
1052716
4140
17661175009320
4136
1052712
4136
68988964904
4136
1052712
4136
17661175009320
4136
1052712
4136
68988964904
4136
1052712
4136
17661175009320
4136
1052712
4136
68988964904
4136
1052712
4136
17661175009320
4136
1052712
4136
68988964904
4136
1052712
4136
17661175009391
4207
1052911
4335
68988964975
4207
1052911
4335
17661175009390
4206
1052910
4334
68988964974
4206
1052910
4334
17661175009388
4204
1052908
4332
68988964972
4204
1052908
4332
17661175009388
4204
1052908
4332
68988964972
4204
1052908
4332
17661175009384
4200
1052904
4328
68988964968
4200
1052904
4328
17661175009384
4200
1052904
4328
68988964968
4200
1052904
4328
17661175009384
4200
1052904
4328
68988964968
4200
1052904
4328
17661175009384
4200
1052904
4328
68988964968
4200
1052904
4328
17661175009391
4207
1052911
4335
68988964975
4207
1052911
4335
17661175009390
4206
1052910
4334
68988964974
4206
1052910
4334
17661175009388
4204
1052908
4332
68988964972
4204
1052908
4332
17661175009388
4204
1052908
4332
68988964972
4204
1052908
4332
17661175009384
4200
1052904
4328
68988964968
4200
1052904
4328
17661175009384
4200
1052904
4328
68988964968
4200
1052904
4328
17661175009384
4200
1052904
4328
68988964968
4200
1052904
4328
17661175009384
4200
1052904
4328
68988964968
4200
1052904
4328
17661175009327
4143
1052719
4143
68988964911
4143
1052719
4143
17661175009326
4142
1052718
4142
68988964910
4142
1052718
4142
17661175009324
4140
1052716
4140
68988964908
4140
1052716
4140
17661175009324
4140
1052716
4140
68988964908
4140
1052716
4140
17661175009320
4136
1052712
4136
68988964904
4136
1052712
4136
17661175009320
4136
1052712
4136
68988964904
4136
1052712
4136
17661175009320
4136
1052712
4136
68988964904
4136
1052712
4136
17661175009320
4136
1052712
4136
68988964904
4136
1052712
4136
17661175009327
4143
1052719
4143
68988964911
4143
1052719
4143
17661175009326
4142
1052718
4142
68988964910
4142
1052718
4142
17661175009324
4140
1052716
4140
68988964908
4140
1052716
4140
17661175009324
4140
1052716
4140
68988964908
4140
1052716
4140
17661175009320
4136
1052712
4136
68988964904
4136
1052712
4136
17661175009320
4136
1052712
4136
68988964904
4136
1052712
4136
17661175009320
4136
1052712
4136
68988964904
4136
1052712
4136
17661175009320
4136
1052712
4136
68988964904
4136
1052712
4136
269488367
4335
1052783
4207
269488367
4335
1052783
4207
269488366
4334
1052782
4206
269488366
4334
1052782
4206
269488364
4332
1052780
4204
269488364
4332
1052780
4204
269488364
4332
1052780
4204
269488364
4332
1052780
4204
269488360
4328
1052776
4200
269488360
4328
1052776
4200
269488360
4328
1052776
4200
269488360
4328
1052776
4200
269488360
4328
1052776
4200
269488360
4328
1052776
4200
269488360
4328
1052776
4200
269488360
4328
1052776
4200
269488367
4335
1052783
4207
269488367
4335
1052783
4207
269488366
4334
1052782
4206
269488366
4334
1052782
4206
269488364
4332
1052780
4204
269488364
4332
1052780
4204
269488364
4332
1052780
4204
269488364
4332
1052780
4204
269488360
4328
1052776
4200
269488360
4328
1052776
4200
269488360
4328
1052776
4200
269488360
4328
1052776
4200
269488360
4328
1052776
4200
269488360
4328
1052776
4200
269488360
4328
1052776
4200
269488360
4328
1052776
4200
269488175
4143
1052719
4143
269488175
4143
1052719
4143
269488174
4142
1052718
4142
269488174
4142
1052718
4142
269488172
4140
1052716
4140
269488172
4140
1052716
4140
269488172
4140
1052716
4140
269488172
4140
1052716
4140
269488168
4136
1052712
4136
269488168
4136
1052712
4136
269488168
4136
1052712
4136
269488168
4136
1052712
4136
269488168
4136
1052712
4136
269488168
4136
1052712
4136
269488168
4136
1052712
4136
269488168
4136
1052712
4136
269488175
4143
1052719
4143
269488175
4143
1052719
4143
269488174
4142
1052718
4142
269488174
4142
1052718
4142
269488172
4140
1052716
4140
269488172
4140
1052716
4140
269488172
4140
1052716
4140
269488172
4140
1052716
4140
269488168
4136
1052712
4136
269488168
4136
1052712
4136
269488168
4136
1052712
4136
269488168
4136
1052712
4136
269488168
4136
1052712
4136
269488168
4136
1052712
4136
269488168
4136
1052712
4136
269488168
4136
1052712
4136
269488239
4207
1052911
4335
269488239
4207
1052911
4335
269488238
4206
1052910
4334
269488238
4206
1052910
4334
269488236
4204
1052908
4332
269488236
4204
1052908
4332
269488236
4204
1052908
4332
269488236
4204
1052908
4332
269488232
4200
1052904
4328
269488232
4200
1052904
4328
269488232
4200
1052904
4328
269488232
4200
1052904
4328
269488232
4200
1052904
4328
269488232
4200
1052904
4328
269488232
4200
1052904
4328
269488232
4200
1052904
4328
269488239
4207
1052911
4335
269488239
4207
1052911
4335
269488238
4206
1052910
4334
269488238
4206
1052910
4334
269488236
4204
1052908
4332
269488236
4204
1052908
4332
269488236
4204
1052908
4332
269488236
4204
1052908
4332
269488232
4200
1052904
4328
269488232
4200
1052904
4328
269488232
4200
1052904
4328
269488232
4200
1052904
4328
269488232
4200
1052904
4328
269488232
4200
1052904
4328
269488232
4200
1052904
4328
269488232
4200
1052904
4328
269488175
4143
1052719
4143
269488175
4143
1052719
4143
269488174
4142
1052718
4142
269488174
4142
1052718
4142
269488172
4140
1052716
4140
269488172
4140
1052716
4140
269488172
4140
1052716
4140
269488172
4140
1052716
4140
269488168
4136
1052712
4136
269488168
4136
1052712
4136
269488168
4136
1052712
4136
269488168
4136
1052712
4136
269488168
4136
1052712
4136
269488168
4136
1052712
4136
269488168
4136
1052712
4136
269488168
4136
1052712
4136
269488175
4143
1052719
4143
269488175
4143
1052719
4143
269488174
4142
1052718
4142
269488174
4142
1052718
4142
269488172
4140
1052716
4140
269488172
4140
1052716
4140
269488172
4140
1052716
4140
269488172
4140
1052716
4140
269488168
4136
1052712
4136
269488168
4136
1052712
4136
269488168
4136
1052712
4136
269488168
4136
1052712
4136
269488168
4136
1052712
4136
269488168
4136
1052712
4136
269488168
4136
1052712
4136
269488168
4136
1052712
4136
0
0
0
0
0
0
0
0
0
0
0
0
0
0
0
0
0
0
0
0
0
0
0
0
0
0
0
0
0
0
0
0
0
0
0
0
0
0
0
0
0
0
0
0
0
0
0
0
0
0
0
0
0
0
0
0
0
0
0
0
0
0
0
0
0
0
0
0
0
0
0
0
0
0
0
0
0
0
0
0
0
0
0
0
0
0
0
0
0
0
0
0
0
0
0
0
0
0
0
0
0
0
0
0
0
0
0
0
0
0
0
0
0
0
0
0
0
0
0
0
0
0
0
0
0
0
0
0
0
0
0
0
0
0
0
0
0
0
0
0
0
0
0
0
0
0
0
0
0
0
0
0
0
0
0
0
0
0
0
0
0
0
0
0
0
0
0
0
0
0
0
0
0
0
0
0
0
0
0
0
0
0
0
0
0
0
0
0
0
0
0
0
0
0
0
0
0
0
0
0
0
0
0
0
0
0
0
0
0
0
0
0
0
0
0
0
0
0
0
0
0
0
0
0
0
0
0
0
0
0
0
0
0
0
0
0
0
0
0
0
0
0
0
0
0
0
0
0
0
0
0
0
0
0
0
0
0
0
0
0
0
0
0
0
0
0
0
0
0
0
0
0
0
0
0
0
0
0
0
0
0
0
0
0
0
0
0
0
0
0
0
0
0
0
0
0
0
0
0
0
0
0
0
0
0
0
0
0
0
0
0
0
0
0
0
0
0
0
0
0
0
0
0
0
0
0
0
0
0
0
0
0
0
0
0
0
0
0
0
0
0
0
0
0
0
0
0
0
0
0
0
0
0
0
0
0
0
0
0
0
0
0
0
0
0
0
0
0
0
0
0
0
0
0
0
0
0
0
0
0
0
0
0
0
0
0
0
0
0
0
0
0
0
0
0
0
0
0
0
0
0
0
0
0
0
0
0
0
0
0
0
0
0
0
0
0
0
0
0
0
0
0
0
0
0
0
0
0
0
0
0
0
0
0
0
0
0
0
0
0
0
0
0
0
0
0
0
0
0
0
0
0
0
0
0
0
0
0
0
0
0
0
0
0
0
0
0
0
0
0
0
0
0
0
0
0
0
0
0
0
0
0
0
0
0
0
0
0
0
0
0
0
0
0
0
0
0
0
0
0
0
0
0
0
0
0
0
0
0
0
0
0
0
0
0
0
0
0
0
0
0
0
0
0
0
0
0
0
0
0
0
0
0
0
0
0
0
0
0
0
0
0
0
0
0
0
0
0
0
0
0
0
0
0
0
0
0
0
0
0
0
0
0
0
0
0
0
0
0
0
0
0
0
0
0
0
0
0
0
0
0
0
0
0
0
0
0
0
0
0
0
0
0
0
0
0
0
0
0
0
0
0
0
0
0
0
0
0
0
0
0
0
0
0
0
0
0
0
0
0
0
0
0
0
0
0
0
0
0
0
0
0
0
0
0
0
0
0
0
0
0
0
0
0
0
0
0
0
0
0
0
0
0
0
0
0
0
0
0
0
0
0
0
0
0
0
0
0
0
0
0
0
0
0
0
0
0
0
0
0
0
0
0
0
0
0
0
0
0
0
0
0
0
0
0
0
0
0
0
0
0
0
0
0
0
0
0
0
0
0
0
0
0
0
0
0
0
0
0
0
0
0
0
0
0
0
0
0
0
0
0
0
0
0
0
0
0
0
0
0
0
0
0
0
0
0
0
0
0
0
0
0
0
0
0
0
0
0
0
0
0
0
0
0
0
0
0
0
0
0
0
0
0
0
0
0
0
0
0
0
0
0
0
0
0
0
0
0
0
0
0
0
0
0
0
0
0
0
0
0
0
0
0
0
0
0
0
0
0
0
0
0
0
0
0
0
0
0
0
0
0
0
0
0
0
0
0
0
0
0
0
0
0
0
0
0
0
0
0
0
0
0
0
0
0
0
0
0
0
0
0
0
0
0
0
0
0
0
0
0
0
0
0
0
0
0
0
0
0
0
0
0
0
0
0
0
0
0
0
0
0
0
0
0
0
0
0
0
0
0
0
0
0
0
0
0
0
0
0
0
0
0
0
0
0
0
0
0
0
0
0
0
0
0
0
0
0
0
0
0
0
0
0
0
0
0
0
0
0
0
0
0
0
0
0
0
0
0
0
0
0
0
0
0
0
0
0
0
0
0
0
0
0
0
0
0
0
0
0
0
0
0
0
0
0
0
0
0
0
0
0
0
0
0
0
0
0
0
0
0
0
0
0
0
0
0
0
0
0
0
0
0
0
0
0
0
0
0
0
0
0
0
0
0
0
0
0
0
0
0
0
0
0
0
0
0
0
0
0
0
0
0
0
0
0
0
0
0
0
0
0
0
0
0
0
0
0
0
0
0
0
0
0
0
0
0
0
0
0
0
0
0
0
0
0
0
0
0
0
0
0
0
0
0
0
0
0
0
0
0
0
0
0
0
0
0
0
0
0
0
0
0
0
0
0
0
0
0
0
0
0
0
0
0
0
0
0
0
0
0
0
0
0
0
0
0
0
0
0
0
0
0
0
0
0
0
0
0
0
0
0
0
0
0
0
0
0
0
0
0
0
0
0
0
0
0
0
0
0
0
0
0
0
0
0
0
0
0
0
0
0
0
0
0
0
0
0
0
0
0
0
0
0
0
0
0
0
0
0
0
0
0
0
0
0
0
0
0
0
0
0
0
0
0
0
0
0
0
0
0
0
0
0
0
0
0
0
0
0
0
0
0
0
0
0
0
0
0
0
0
0
0
0
0
0
0
0
0
0
0
0
0
0
0
0
0
0
0
0
0
0
0
0
0
0
0
0
0
0
0
0
0
0
0
0
0
0
0
0
0
0
0
0
0
0
0
0
0
0
0
0
0
0
0
0
0
0
0
0
0
0
0
0
0
0
0
0
0
0
0
0
0
0
0
0
0
0
0
0
0
0
0
0
0
0
0
0
0
0
0
0
0
0
0
0
0
0
0
0
0
0
0
0
0
0
0
0
0
0
0
0
0
0
0
0
0
0
0
0
0
0
0
0
0
0
0
0
0
0
0
0
0
0
0
0
0
0
0
0
0
0
0
0
0
0
0
0
0
0
0
0
0
0
0
0
0
0
0
0
0
0
0
0
0
0
0
0
0
0
0
0
0
0
0
0
0
0
0
0
0
0
0
0
0
0
0
0
0
0
0
0
0
0
0
0
0
0
0
0
0
0
0
0
0
0
0
0
0
0
0
0
0
0
0
0
0
0
0
0
0
0
0
0
0
0
0
0
0
0
0
0
0
0
0
0
0
0
0
0
0
0
0
0
0
0
0
0
0
0
0
0
0
0
0
0
0
0
0
0
0
0
0
0
0
0
0
0
0
0
0
0
0
0
0
0
0
0
0
0
0
0
0
0
0
0
0
0
0
0
0
0
0
0
0
0
0
0
0
0
0
0
0
0
0
0
0
0
0
0
0
0
0
0
0
0
0
0
0
0
0
0
0
0
0
0
0
0
0
0
0
0
0
0
0
0
0
0
0
0
0
0
0
0
0
0
0
0
0
0
0
0
0
0
0
0
0
0
0
0
0
0
0
0
0
0
0
0
0
0
0
0
0
0
0
0
0
0
0
0
0
0
0
0
0
0
0
0
0
0
0
0
0
0
0
0
0
0
0
0
0
0
0
0
0
0
0
0
0
0
0
0
0
0
0
0
0
0
0
0
0
0
0
0
0
0
0
0
0
0
0
0
0
0
0
0
0
0
0
0
0
0
0
0
0
0
0
0
0
0
0
0
0
0
0
0
0
0
0
0
0
0
0
0
0
0
0
0
0
0
0
0
0
0
0
0
0
0
0
0
0
0
0
0
0
0
0
0
0
0
0
0
0
0
0
0
0
0
0
0
0
0
0
0
0
0
0
0
0
0
0
0
0
0
0
0
0
0
0
0
0
0
0
0
0
0
0
0
0
0
0
0
0
0
0
0
0
0
0
0
0
0
0
0
0
0
0
0
0
0
0
0
0
0
0
0
0
0
0
0
0
0
0
0
0
0
0
0
0
0
0
0
0
0
0
0
0
0
0
0
0
0
0
0
0
0
0
0
0
0
0
0
0
0
0
0
0
0
0
0
0
0
0
0
0
0
0
0
0
0
0
0
0
0
0
0
0
0
0
0
0
0
0
0
0
0
0
0
0
0
0
0
0
0
0
0
0
0
0
0
0
0
0
0
0
0
0
0
0
0
0
0
0
0
0
0
0
0
0
0
0
0
0
0
0
0
0
0
0
0
0
0
0
0
0
0
0
0
0
0
0
0
0
0
0
0
0
0
0
0
0
0
0
0
0
0
0
0
0
0
0
0
0
0
0
0
0
0
0
0
0
0
0
0
0
0
0
0
0
0
0
0
0
0
0
0
0
0
0
0
0
0
0
0
0
0
0
0
0
0
0
0
0
0
0
0
0
0
0
0
0
0
0
0
0
0
0
0
0
0
0
0
0
0
0
0
0
0
0
0
0
0
0
0
0
0
0
0
0
0
0
0
0
0
0
0
0
0
0
0
0
0
0
0
0
0
0
0
0
0
0
0
0
0
0
0
0
0
0
0
0
0
0
0
0
0
0
0
0
0
0
0
0
0
0
0
0
0
0
0
0
0
0
0
0
0
0
0
0
