16426879640833884159
16208728828711796735
9241563306412474367
9241563306412474367
9241706493105930239
9241421693019226111
9241421689529565183
9241421688724258815
67345087201279
26585847562239
124554051583
55834574847
1130650140671
4563402751
1073741823
268435455
33353685228584959
13608646827048959
949187772415
949187772415
2298881245183
73282879487
69793218559
68987912191
66245575573503
26585847562239
124554051583
55834574847
31138512895
4563402751
1073741823
268435455
16426879640833884159
6967342393347538943
176871048216575
176871048216575
320057741672447
35257654968319
35254165307391
35253360001023
67345087201279
26585847562239
124554051583
55834574847
1130650140671
4563402751
1073741823
268435455
33353685228584959
13608646827048959
949187772415
949187772415
2298881245183
73282879487
69793218559
68987912191
66245575573503
26585847562239
124554051583
55834574847
31138512895
4563402751
1073741823
268435455
16426879640833884159
6985356791857020927
18191269557698559
18191269557698559
18334456251154431
18049656164450303
18049652674789375
18049651869483007
67345087201279
26585847562239
124554051583
55834574847
1130650140671
4563402751
1073741823
268435455
33353685228584959
13608646827048959
949187772415
949187772415
2298881245183
73282879487
69793218559
68987912191
66245575573503
26585847562239
124554051583
55834574847
31138512895
4563402751
1073741823
268435455
16426879640833884159
6967342393347538943
176871048216575
176871048216575
320057741672447
35257654968319
35254165307391
35253360001023
67345087201279
26585847562239
124554051583
55834574847
1130650140671
4563402751
1073741823
268435455
33353685228584959
13608646827048959
949187772415
949187772415
2298881245183
73282879487
69793218559
68987912191
66245575573503
26585847562239
124554051583
55834574847
31138512895
4563402751
1073741823
268435455
0
0
0
0
0
0
0
0
0
0
0
0
0
0
0
0
0
0
0
0
0
0
0
0
0
0
0
0
0
0
0
0
0
0
0
0
0
0
0
0
0
0
0
0
0
0
0
0
0
0
0
0
0
0
0
0
0
0
0
0
0
0
0
0
0
0
0
0
0
0
0
0
0
0
0
0
0
0
0
0
0
0
0
0
0
0
0
0
0
0
0
0
0
0
0
0
0
0
0
0
0
0
0
0
0
0
0
0
0
0
0
0
0
0
0
0
0
0
0
0
0
0
0
0
0
0
0
0
0
0
0
0
0
0
0
0
0
0
0
0
0
0
0
0
0
0
0
0
0
0
0
0
0
0
0
0
0
0
0
0
0
0
0
0
0
0
0
0
0
0
0
0
0
0
0
0
0
0
0
0
0
0
0
0
0
0
0
0
0
0
0
0
0
0
0
0
0
0
0
0
0
0
0
0
0
0
0
0
0
0
0
0
0
0
0
0
0
0
0
0
0
0
0
0
0
0
0
0
0
0
0
0
0
0
0
0
0
0
0
0
0
0
0
0
0
0
0
0
0
0
0
0
0
0
0
0
0
0
0
0
0
0
0
0
0
0
0
0
0
0
0
0
0
0
0
0
0
0
0
0
0
0
0
0
0
0
0
0
0
0
0
0
0
0
0
0
0
0
0
0
0
0
0
0
0
0
0
0
0
0
0
0
0
0
0
0
0
0
0
0
0
0
0
0
0
0
0
0
0
0
0
0
0
0
0
0
0
0
0
0
0
0
0
0
0
0
0
0
0
0
0
0
0
0
0
0
0
0
0
0
0
0
0
0
0
0
0
0
0
0
0
0
0
0
0
0
0
0
0
0
0
0
0
0
