16426879640833884159
16208729936813359103
69382482247548927
49637452435947519
9277805796308025343
9277522104591319039
36101602083340287
36099385343344639
16426879640833884159
6985357899958583295
33353685228584959
13608655416983551
18404962434285567
18121270717579263
72805064376319
70588324380671
9277662609614569471
9277662609614569471
36100252389867519
36100252389867519
9277520992731660287
9277520992194789375
36099372995313663
36099372458442751
18261775740829695
18261775740829695
71455370903551
71455370903551
18120158857920511
18120158321049599
70575976349695
70575439478783
16426879640833884159
6967343501449101311
33353685228584959
13608655416983551
320195180625919
36503463919615
2436320198655
219580203007
16426879640833884159
6967343501449101311
33353685228584959
13608655416983551
320195180625919
36503463919615
2436320198655
219580203007
177008487170047
177008487170047
1086626725887
1086626725887
35391604260863
35391067389951
207232172031
206695301119
177008487170047
177008487170047
1086626725887
1086626725887
35391604260863
35391067389951
207232172031
206695301119
67345087201279
27693949124607
66245575573503
26594437496831
1130650140671
1112933400575
31138512895
13421772799
67345087201279
27693949124607
66245575573503
26594437496831
1130650140671
1112933400575
31138512895
13421772799
124554051583
55834574847
124554051583
55834574847
1073741823
536870911
1073741823
536870911
124554051583
55834574847
124554051583
55834574847
1073741823
536870911
1073741823
536870911
67345087201279
27693949124607
66245575573503
26594437496831
1130650140671
1112933400575
31138512895
13421772799
67345087201279
27693949124607
66245575573503
26594437496831
1130650140671
1112933400575
31138512895
13421772799
124554051583
55834574847
124554051583
55834574847
1073741823
536870911
1073741823
536870911
124554051583
55834574847
124554051583
55834574847
1073741823
536870911
1073741823
536870911
0
0
0
0
0
0
0
0
0
0
0
0
0
0
0
0
0
0
0
0
0
0
0
0
0
0
0
0
0
0
0
0
0
0
0
0
0
0
0
0
0
0
0
0
0
0
0
0
0
0
0
0
0
0
0
0
0
0
0
0
0
0
0
0
0
0
0
0
0
0
0
0
0
0
0
0
0
0
0
0
0
0
0
0
0
0
0
0
0
0
0
0
0
0
0
0
0
0
0
0
0
0
0
0
0
0
0
0
0
0
0
0
0
0
0
0
0
0
0
0
0
0
0
0
0
0
0
0
0
0
0
0
0
0
0
0
0
0
0
0
0
0
0
0
0
0
0
0
0
0
0
0
0
0
0
0
0
0
0
0
0
0
0
0
0
0
0
0
0
0
0
0
0
0
0
0
0
0
0
0
0
0
0
0
0
0
0
0
0
0
0
0
0
0
0
0
0
0
0
0
0
0
0
0
0
0
0
0
0
0
0
0
0
0
0
0
0
0
0
0
0
0
0
0
0
0
0
0
0
0
0
0
0
0
0
0
0
0
0
0
0
0
0
0
0
0
0
0
0
0
0
0
0
0
0
0
0
0
0
0
0
0
0
0
0
0
0
0
0
0
0
0
0
0
0
0
0
0
0
0
0
0
0
0
0
0
0
0
0
0
0
0
0
0
0
0
0
0
0
0
0
0
0
0
0
0
0
0
0
0
0
0
0
0
0
0
0
0
0
0
0
0
0
0
0
0
0
0
0
0
0
0
0
0
0
0
0
0
0
0
0
0
0
0
0
0
0
0
0
0
0
0
0
0
0
0
0
0
0
0
0
0
0
0
0
0
0
0
0
0
0
0
0
0
0
0
0
0
0
0
0
0
0
0
