578721382720276488
150407176
8830603167752
150407176
578721382720210952
150341640
8830603102216
150341640
578721382720079880
150210568
8830602971144
150210568
578721382720079880
150210568
8830602971144
150210568
578721382720276480
150407168
8830603167744
150407168
578721382720210944
150341632
8830603102208
150341632
578721382720079872
150210560
8830602971136
150210560
578721382720079872
150210560
8830602971136
150210560
578721382705596424
135727112
8830588487688
135727112
578721382705530888
135661576
8830588422152
135661576
578721382705399816
135530504
8830588291080
135530504
578721382705399816
135530504
8830588291080
135530504
578721382705596416
135727104
8830588487680
135727104
578721382705530880
135661568
8830588422144
135661568
578721382705399808
135530496
8830588291072
135530496
578721382705399808
135530496
8830588291072
135530496
578721382707693576
137824264
8830590584840
137824264
578721382707628040
137758728
8830590519304
137758728
578721382707496968
137627656
8830590388232
137627656
578721382707496968
137627656
8830590388232
137627656
578721382707693568
137824256
8830590584832
137824256
578721382707628032
137758720
8830590519296
137758720
578721382707496960
137627648
8830590388224
137627648
578721382707496960
137627648
8830590388224
137627648
578721382705596424
135727112
8830588487688
135727112
578721382705530888
135661576
8830588422152
135661576
578721382705399816
135530504
8830588291080
135530504
578721382705399816
135530504
8830588291080
135530504
578721382705596416
135727104
8830588487680
135727104
578721382705530880
135661568
8830588422144
135661568
578721382705399808
135530496
8830588291072
135530496
578721382705399808
135530496
8830588291072
135530496
578721382711887880
142018568
8830594779144
142018568
578721382711822344
141953032
8830594713608
141953032
578721382711691272
141821960
8830594582536
141821960
578721382711691272
141821960
8830594582536
141821960
578721382711887872
142018560
8830594779136
142018560
578721382711822336
141953024
8830594713600
141953024
578721382711691264
141821952
8830594582528
141821952
578721382711691264
141821952
8830594582528
141821952
578721382705596424
135727112
8830588487688
135727112
578721382705530888
135661576
8830588422152
135661576
578721382705399816
135530504
8830588291080
135530504
578721382705399816
135530504
8830588291080
135530504
578721382705596416
135727104
8830588487680
135727104
578721382705530880
135661568
8830588422144
135661568
578721382705399808
135530496
8830588291072
135530496
578721382705399808
135530496
8830588291072
135530496
578721382707693576
137824264
8830590584840
137824264
578721382707628040
137758728
8830590519304
137758728
578721382707496968
137627656
8830590388232
137627656
578721382707496968
137627656
8830590388232
137627656
578721382707693568
137824256
8830590584832
137824256
578721382707628032
137758720
8830590519296
137758720
578721382707496960
137627648
8830590388224
137627648
578721382707496960
137627648
8830590388224
137627648
578721382705596424
135727112
8830588487688
135727112
578721382705530888
135661576
8830588422152
135661576
578721382705399816
135530504
8830588291080
135530504
578721382705399816
135530504
8830588291080
135530504
578721382705596416
135727104
8830588487680
135727104
578721382705530880
135661568
8830588422144
135661568
578721382705399808
135530496
8830588291072
135530496
578721382705399808
135530496
8830588291072
135530496
34510145544
150407176
34510145544
150407176
34510080008
150341640
34510080008
150341640
34509948936
150210568
34509948936
150210568
34509948936
150210568
34509948936
150210568
34510145536
150407168
34510145536
150407168
34510080000
150341632
34510080000
150341632
34509948928
150210560
34509948928
150210560
34509948928
150210560
34509948928
150210560
34495465480
135727112
34495465480
135727112
34495399944
135661576
34495399944
135661576
34495268872
135530504
34495268872
135530504
34495268872
135530504
34495268872
135530504
34495465472
135727104
34495465472
135727104
34495399936
135661568
34495399936
135661568
34495268864
135530496
34495268864
135530496
34495268864
135530496
34495268864
135530496
34497562632
137824264
34497562632
137824264
34497497096
137758728
34497497096
137758728
34497366024
137627656
34497366024
137627656
34497366024
137627656
34497366024
137627656
34497562624
137824256
34497562624
137824256
34497497088
137758720
34497497088
137758720
34497366016
137627648
34497366016
137627648
34497366016
137627648
34497366016
137627648
34495465480
135727112
34495465480
135727112
34495399944
135661576
34495399944
135661576
34495268872
135530504
34495268872
135530504
34495268872
135530504
34495268872
135530504
34495465472
135727104
34495465472
135727104
34495399936
135661568
34495399936
135661568
34495268864
135530496
34495268864
135530496
34495268864
135530496
34495268864
135530496
34501756936
142018568
34501756936
142018568
34501691400
141953032
34501691400
141953032
34501560328
141821960
34501560328
141821960
34501560328
141821960
34501560328
141821960
34501756928
142018560
34501756928
142018560
34501691392
141953024
34501691392
141953024
34501560320
141821952
34501560320
141821952
34501560320
141821952
34501560320
141821952
34495465480
135727112
34495465480
135727112
34495399944
135661576
34495399944
135661576
34495268872
135530504
34495268872
135530504
34495268872
135530504
34495268872
135530504
34495465472
135727104
34495465472
135727104
34495399936
135661568
34495399936
135661568
34495268864
135530496
34495268864
135530496
34495268864
135530496
34495268864
135530496
34497562632
137824264
34497562632
137824264
34497497096
137758728
34497497096
137758728
34497366024
137627656
34497366024
137627656
34497366024
137627656
34497366024
137627656
34497562624
137824256
34497562624
137824256
34497497088
137758720
34497497088
137758720
34497366016
137627648
34497366016
137627648
34497366016
137627648
34497366016
137627648
34495465480
135727112
34495465480
135727112
34495399944
135661576
34495399944
135661576
34495268872
135530504
34495268872
135530504
34495268872
135530504
34495268872
135530504
34495465472
135727104
34495465472
135727104
34495399936
135661568
34495399936
135661568
34495268864
135530496
34495268864
135530496
34495268864
135530496
34495268864
135530496
2260630416853000
150407176
8830603167752
150407176
2260630416787464
150341640
8830603102216
150341640
2260630416656392
150210568
8830602971144
150210568
2260630416656392
150210568
8830602971144
150210568
2260630416852992
150407168
8830603167744
150407168
2260630416787456
150341632
8830603102208
150341632
2260630416656384
150210560
8830602971136
150210560
2260630416656384
150210560
8830602971136
150210560
2260630402172936
135727112
8830588487688
135727112
2260630402107400
135661576
8830588422152
135661576
2260630401976328
135530504
8830588291080
135530504
2260630401976328
135530504
8830588291080
135530504
2260630402172928
135727104
8830588487680
135727104
2260630402107392
135661568
8830588422144
135661568
2260630401976320
135530496
8830588291072
135530496
2260630401976320
135530496
8830588291072
135530496
2260630404270088
137824264
8830590584840
137824264
2260630404204552
137758728
8830590519304
137758728
2260630404073480
137627656
8830590388232
137627656
2260630404073480
137627656
8830590388232
137627656
2260630404270080
137824256
8830590584832
137824256
2260630404204544
137758720
8830590519296
137758720
2260630404073472
137627648
8830590388224
137627648
2260630404073472
137627648
8830590388224
137627648
2260630402172936
135727112
8830588487688
135727112
2260630402107400
135661576
8830588422152
135661576
2260630401976328
135530504
8830588291080
135530504
2260630401976328
135530504
8830588291080
135530504
2260630402172928
135727104
8830588487680
135727104
2260630402107392
135661568
8830588422144
135661568
2260630401976320
135530496
8830588291072
135530496
2260630401976320
135530496
8830588291072
135530496
2260630408464392
142018568
8830594779144
142018568
2260630408398856
141953032
8830594713608
141953032
2260630408267784
141821960
8830594582536
141821960
2260630408267784
141821960
8830594582536
141821960
2260630408464384
142018560
8830594779136
142018560
2260630408398848
141953024
8830594713600
141953024
2260630408267776
141821952
8830594582528
141821952
2260630408267776
141821952
8830594582528
141821952
2260630402172936
135727112
8830588487688
135727112
2260630402107400
135661576
8830588422152
135661576
2260630401976328
135530504
8830588291080
135530504
2260630401976328
135530504
8830588291080
135530504
2260630402172928
135727104
8830588487680
135727104
2260630402107392
135661568
8830588422144
135661568
2260630401976320
135530496
8830588291072
135530496
2260630401976320
135530496
8830588291072
135530496
2260630404270088
137824264
8830590584840
137824264
2260630404204552
137758728
8830590519304
137758728
2260630404073480
137627656
8830590388232
137627656
2260630404073480
137627656
8830590388232
137627656
2260630404270080
137824256
8830590584832
137824256
2260630404204544
137758720
8830590519296
137758720
2260630404073472
137627648
8830590388224
137627648
2260630404073472
137627648
8830590388224
137627648
2260630402172936
135727112
8830588487688
135727112
2260630402107400
135661576
8830588422152
135661576
2260630401976328
135530504
8830588291080
135530504
2260630401976328
135530504
8830588291080
135530504
2260630402172928
135727104
8830588487680
135727104
2260630402107392
135661568
8830588422144
135661568
2260630401976320
135530496
8830588291072
135530496
2260630401976320
135530496
8830588291072
135530496
34510145544
150407176
34510145544
150407176
34510080008
150341640
34510080008
150341640
34509948936
150210568
34509948936
150210568
34509948936
150210568
34509948936
150210568
34510145536
150407168
34510145536
150407168
34510080000
150341632
34510080000
150341632
34509948928
150210560
34509948928
150210560
34509948928
150210560
34509948928
150210560
34495465480
135727112
34495465480
135727112
34495399944
135661576
34495399944
135661576
34495268872
135530504
34495268872
135530504
34495268872
135530504
34495268872
135530504
34495465472
135727104
34495465472
135727104
34495399936
135661568
34495399936
135661568
34495268864
135530496
34495268864
135530496
34495268864
135530496
34495268864
135530496
34497562632
137824264
34497562632
137824264
34497497096
137758728
34497497096
137758728
34497366024
137627656
34497366024
137627656
34497366024
137627656
34497366024
137627656
34497562624
137824256
34497562624
137824256
34497497088
137758720
34497497088
137758720
34497366016
137627648
34497366016
137627648
34497366016
137627648
34497366016
137627648
34495465480
135727112
34495465480
135727112
34495399944
135661576
34495399944
135661576
34495268872
135530504
34495268872
135530504
34495268872
135530504
34495268872
135530504
34495465472
135727104
34495465472
135727104
34495399936
135661568
34495399936
135661568
34495268864
135530496
34495268864
135530496
34495268864
135530496
34495268864
135530496
34501756936
142018568
34501756936
142018568
34501691400
141953032
34501691400
141953032
34501560328
141821960
34501560328
141821960
34501560328
141821960
34501560328
141821960
34501756928
142018560
34501756928
142018560
34501691392
141953024
34501691392
141953024
34501560320
141821952
34501560320
141821952
34501560320
141821952
34501560320
141821952
34495465480
135727112
34495465480
135727112
34495399944
135661576
34495399944
135661576
34495268872
135530504
34495268872
135530504
34495268872
135530504
34495268872
135530504
34495465472
135727104
34495465472
135727104
34495399936
135661568
34495399936
135661568
34495268864
135530496
34495268864
135530496
34495268864
135530496
34495268864
135530496
34497562632
137824264
34497562632
137824264
34497497096
137758728
34497497096
137758728
34497366024
137627656
34497366024
137627656
34497366024
137627656
34497366024
137627656
34497562624
137824256
34497562624
137824256
34497497088
137758720
34497497088
137758720
34497366016
137627648
34497366016
137627648
34497366016
137627648
34497366016
137627648
34495465480
135727112
34495465480
135727112
34495399944
135661576
34495399944
135661576
34495268872
135530504
34495268872
135530504
34495268872
135530504
34495268872
135530504
34495465472
135727104
34495465472
135727104
34495399936
135661568
34495399936
135661568
34495268864
135530496
34495268864
135530496
34495268864
135530496
34495268864
135530496
0
0
0
0
0
0
0
0
0
0
0
0
0
0
0
0
0
0
0
0
0
0
0
0
0
0
0
0
0
0
0
0
0
0
0
0
0
0
0
0
0
0
0
0
0
0
0
0
0
0
0
0
0
0
0
0
0
0
0
0
0
0
0
0
0
0
0
0
0
0
0
0
0
0
0
0
0
0
0
0
0
0
0
0
0
0
0
0
0
0
0
0
0
0
0
0
0
0
0
0
0
0
0
0
0
0
0
0
0
0
0
0
0
0
0
0
0
0
0
0
0
0
0
0
0
0
0
0
0
0
0
0
0
0
0
0
0
0
0
0
0
0
0
0
0
0
0
0
0
0
0
0
0
0
0
0
0
0
0
0
0
0
0
0
0
0
0
0
0
0
0
0
0
0
0
0
0
0
0
0
0
0
0
0
0
0
0
0
0
0
0
0
0
0
0
0
0
0
0
0
0
0
0
0
0
0
0
0
0
0
0
0
0
0
0
0
0
0
0
0
0
0
0
0
0
0
0
0
0
0
0
0
0
0
0
0
0
0
0
0
0
0
0
0
0
0
0
0
0
0
0
0
0
0
0
0
0
0
0
0
0
0
0
0
0
0
0
0
0
0
0
0
0
0
0
0
0
0
0
0
0
0
0
0
0
0
0
0
0
0
0
0
0
0
0
0
0
0
0
0
0
0
0
0
0
0
0
0
0
0
0
0
0
0
0
0
0
0
0
0
0
0
0
0
0
0
0
0
0
0
0
0
0
0
0
0
0
0
0
0
0
0
0
0
0
0
0
0
0
0
0
0
0
0
0
0
0
0
0
0
0
0
0
0
0
0
0
0
0
0
0
0
0
0
0
0
0
0
0
0
0
0
0
0
0
0
0
0
0
0
0
0
0
0
0
0
0
0
0
0
0
0
0
0
0
0
0
0
0
0
0
0
0
0
0
0
0
0
0
0
0
0
0
0
0
0
0
0
0
0
0
0
0
0
0
0
0
0
0
0
0
0
0
0
0
0
0
0
0
0
0
0
0
0
0
0
0
0
0
0
0
0
0
0
0
0
0
0
0
0
0
0
0
0
0
0
0
0
0
0
0
0
0
0
0
0
0
0
0
0
0
0
0
0
0
0
0
0
0
0
0
0
0
0
0
0
0
0
0
0
0
0
0
0
0
0
0
0
0
0
0
0
0
0
0
0
0
0
0
0
0
0
0
0
0
0
0
0
0
0
0
0
0
0
0
0
0
0
0
0
0
0
0
0
0
0
0
0
0
0
0
0
0
0
0
0
0
0
0
0
0
0
0
0
0
0
0
0
0
0
0
0
0
0
0
0
0
0
0
0
0
0
0
0
0
0
0
0
0
0
0
0
0
0
0
0
0
0
0
0
0
0
0
0
0
0
0
0
0
0
0
0
0
0
0
0
0
0
0
0
0
0
0
0
0
0
0
0
0
0
0
0
0
0
0
0
0
0
0
0
0
0
0
0
0
0
0
0
0
0
0
0
0
0
0
0
0
0
0
0
0
0
0
0
0
0
0
0
0
0
0
0
0
0
0
0
0
0
0
0
0
0
0
0
0
0
0
0
0
0
0
0
0
0
0
0
0
0
0
0
0
0
0
0
0
0
0
0
0
0
0
0
0
0
0
0
0
0
0
0
0
0
0
0
0
0
0
0
0
0
0
0
0
0
0
0
0
0
0
0
0
0
0
0
0
0
0
0
0
0
0
0
0
0
0
0
0
0
0
0
0
0
0
0
0
0
0
0
0
0
0
0
0
0
0
0
0
0
0
0
0
0
0
0
0
0
0
0
0
0
0
0
0
0
0
0
0
0
0
0
0
0
0
0
0
0
0
0
0
0
0
0
0
0
0
0
0
0
0
0
0
0
0
0
0
0
0
0
0
0
0
0
0
0
0
0
0
0
0
0
0
0
0
0
0
0
0
0
0
0
0
0
0
0
0
0
0
0
0
0
0
0
0
0
0
0
0
0
0
0
0
0
0
0
0
0
0
0
0
0
0
0
0
0
0
0
0
0
0
0
0
0
0
0
0
0
0
0
0
0
0
0
0
0
0
0
0
0
0
0
0
0
0
0
0
0
0
0
0
0
0
0
0
0
0
0
0
0
0
0
0
0
0
0
0
0
0
0
0
0
0
0
0
0
0
0
0
0
0
0
0
0
0
0
0
0
0
0
0
0
0
0
0
0
0
0
0
0
0
0
0
0
0
0
0
0
0
0
0
0
0
0
0
0
0
0
0
0
0
0
0
0
0
0
0
0
0
0
0
0
0
0
0
0
0
0
0
0
0
0
0
0
0
0
0
0
0
0
0
0
0
0
0
0
0
0
0
0
0
0
0
0
0
0
0
0
0
0
0
0
0
0
0
0
0
0
0
0
0
0
0
0
0
0
0
0
0
0
0
0
0
0
0
0
0
0
0
0
0
0
0
0
0
0
0
0
0
0
0
0
0
0
0
0
0
0
0
0
0
0
0
0
0
0
0
0
0
0
0
0
0
0
0
0
0
0
0
0
0
0
0
0
0
0
0
0
0
0
0
0
0
0
0
0
0
0
0
0
0
0
0
0
0
0
0
0
0
0
0
0
0
0
0
0
0
0
0
0
0
0
0
0
0
0
0
0
0
0
0
0
0
0
0
0
0
0
0
0
0
0
0
0
0
0
0
0
0
0
0
0
0
0
0
0
0
0
0
0
0
0
0
0
0
0
0
0
0
0
0
0
0
0
0
0
0
0
0
0
0
0
0
0
0
0
0
0
0
0
0
0
0
0
0
0
0
0
0
0
0
0
0
0
0
0
0
0
0
0
0
0
0
0
0
0
0
0
0
0
0
0
0
0
0
0
0
0
0
0
0
0
0
0
0
0
0
0
0
0
0
0
0
0
0
0
0
0
0
0
0
0
0
0
0
0
0
0
0
0
0
0
0
0
0
0
0
0
0
0
0
0
0
0
0
0
0
0
0
0
0
0
0
0
0
0
0
0
0
0
0
0
0
0
0
0
0
0
0
0
0
0
0
0
0
0
0
0
0
0
0
0
0
0
0
0
0
0
0
0
0
0
0
0
0
0
0
0
0
0
0
0
0
0
0
0
0
0
0
0
0
0
0
0
0
0
0
0
0
0
0
0
0
0
0
0
0
0
0
0
0
0
0
0
0
0
0
0
0
0
0
0
0
0
0
0
0
0
0
0
0
0
0
0
0
0
0
0
0
0
0
0
0
0
0
0
0
0
0
0
0
0
0
0
0
0
0
0
0
0
0
0
0
0
0
0
0
0
0
0
0
0
0
0
0
0
0
0
0
0
0
0
0
0
0
0
0
0
0
0
0
0
0
0
0
0
0
0
0
0
0
0
0
0
0
0
0
0
0
0
0
0
0
0
0
0
0
0
0
0
0
0
0
0
0
0
0
0
0
0
0
0
0
0
0
0
0
0
0
0
0
0
0
0
0
0
0
0
0
0
0
0
0
0
0
0
0
0
0
0
0
0
0
0
0
0
0
0
0
0
0
0
0
0
0
0
0
0
0
0
0
0
0
0
0
0
0
0
0
0
0
0
0
0
0
0
0
0
0
0
0
0
0
0
0
0
0
0
0
0
0
0
0
0
0
0
0
0
0
0
0
0
0
0
0
0
0
0
0
0
0
0
0
0
0
0
0
0
0
0
0
0
0
0
0
0
0
0
0
0
0
0
0
0
0
0
0
0
0
0
0
0
0
0
0
0
0
0
0
0
0
0
0
0
0
0
0
0
0
0
0
0
0
0
0
0
0
0
0
0
0
0
0
0
0
0
0
0
0
0
0
0
0
0
0
0
0
0
0
0
0
0
0
0
0
0
0
0
0
0
0
0
0
0
0
0
0
0
0
0
0
0
0
0
0
0
0
0
0
0
0
0
0
0
0
0
0
0
0
0
0
0
0
0
0
0
0
0
0
0
0
0
0
0
0
0
0
0
0
0
0
0
0
0
0
0
0
0
0
0
0
0
0
0
0
0
0
0
0
0
0
0
0
0
0
0
0
0
0
0
0
0
0
0
0
0
0
0
0
0
0
0
0
0
0
0
0
0
0
0
0
0
0
0
0
0
0
0
0
0
0
0
0
0
0
0
0
0
0
0
0
0
0
0
0
0
0
0
0
0
0
0
0
0
0
0
0
0
0
0
0
0
0
0
0
0
0
0
0
0
0
0
0
0
0
0
0
0
0
0
0
0
0
0
0
0
0
0
0
0
0
0
0
0
0
0
0
0
0
0
0
0
0
0
0
0
0
0
0
0
0
0
0
0
0
0
0
0
0
0
0
0
0
0
0
0
0
0
0
0
0
0
0
0
0
0
0
0
0
0
0
0
0
0
0
0
0
0
0
0
0
0
0
0
0
0
0
0
0
0
0
0
0
0
0
0
0
0
0
0
0
0
0
0
0
0
0
0
0
0
0
0
0
0
0
0
0
0
0
0
0
0
0
0
0
0
0
0
0
0
0
0
0
0
0
0
0
0
0
0
0
0
0
0
0
0
0
0
0
0
0
0
0
0
0
0
0
0
0
0
0
0
0
0
0
0
0
0
0
0
0
0
0
0
0
0
0
0
0
0
0
0
0
0
0
0
0
0
0
0
0
0
0
0
0
0
0
0
0
0
0
0
0
0
0
0
0
0
0
0
0
0
0
0
0
0
0
0
0
0
0
0
0
0
0
0
0
0
0
0
0
0
0
0
0
0
0
0
0
0
0
0
0
0
0
0
0
0
0
0
0
0
0
0
0
0
0
0
0
0
0
0
0
0
0
0
0
0
0
0
0
0
0
0
0
0
0
0
0
0
0
0
0
0
0
0
0
0
0
0
0
0
0
0
0
0
0
0
0
0
0
0
0
0
0
0
0
0
0
0
0
0
0
0
0
0
0
0
0
0
0
0
0
0
0
0
0
0
0
0
0
0
0
0
0
0
0
0
0
0
0
0
0
0
0
0
0
0
0
0
0
0
0
0
0
0
0
0
0
0
0
0
0
0
0
0
0
0
0
0
0
0
0
0
0
0
0
0
0
0
0
0
0
0
0
0
0
0
0
0
0
0
0
0
0
0
0
0
0
0
0
0
0
0
0
0
0
0
0
0
0
0
0
0
0
0
0
0
0
0
0
0
0
0
0
0
0
0
0
0
0
0
0
0
0
0
0
0
0
0
0
0
0
0
0
0
0
0
0
0
0
0
0
0
0
0
0
0
0
0
0
0
0
0
0
0
0
0
0
0
0
0
0
0
0
0
0
0
0
0
0
0
0
0
0
0
0
0
0
0
0
0
0
0
0
0
0
0
0
0
0
0
0
0
0
0
0
0
0
0
0
0
0
0
0
0
0
0
0
0
0
0
0
0
0
0
0
0
0
0
0
0
0
0
0
0
0
0
0
0
0
0
0
0
0
0
0
0
0
0
0
0
0
0
0
0
0
0
0
0
0
0
0
0
0
0
0
0
0
0
0
0
0
0
0
0
0
0
0
0
0
0
0
0
0
0
0
0
0
0
0
0
0
0
0
0
0
0
0
0
0
0
0
0
0
0
0
0
0
0
0
0
0
0
0
0
0
0
0
0
0
0
0
0
0
0
0
0
0
0
0
0
0
0
0
0
0
0
0
0
0
0
0
0
0
0
0
0
0
0
0
0
0
0
0
0
0
0
0
0
0
0
0
0
0
0
0
0
0
0
0
0
0
0
0
0
0
0
0
0
0
0
0
0
0
0
0
0
0
0
0
0
0
0
0
0
0
0
0
0
0
0
0
0
0
0
0
0
0
0
0
0
0
0
0
0
0
0
0
0
0
0
0
0
0
0
0
0
0
0
0
0
0
0
0
0
0
0
0
0
0
0
0
0
0
0
0
0
0
0
0
0
0
0
0
0
0
0
0
0
0
0
0
0
0
0
0
0
0
0
0
0
0
0
0
0
0
0
0
0
0
0
0
0
0
0
0
0
0
0
0
0
0
0
0
0
0
0
0
0
0
0
0
0
0
0
0
0
0
0
0
0
0
0
0
0
0
0
0
0
0
0
0
0
0
0
0
0
0
0
0
0
0
0
0
0
0
0
0
0
0
0
0
0
0
0
0
0
0
0
0
0
0
0
0
0
0
0
0
0
0
0
0
0
0
0
0
0
0
0
0
0
0
0
0
0
0
0
0
0
0
0
0
0
0
0
0
0
0
0
0
0
0
0
0
0
0
0
0
0
0
0
0
0
0
0
0
0
0
0
0
0
0
0
0
0
0
0
0
0
0
0
0
0
0
0
0
0
0
0
0
0
0
0
0
0
0
0
0
0
0
0
0
0
0
0
0
0
0
0
0
0
0
0
0
0
0
0
0
0
0
0
0
0
0
0
0
0
0
0
0
0
0
0
0
0
0
0
0
0
0
0
0
0
0
0
0
0
0
0
0
0
0
0
0
0
0
0
0
0
0
0
0
0
0
0
0
0
0
0
0
0
0
0
0
0
0
0
0
0
0
0
0
0
0
0
0
0
0
0
0
0
0
0
0
0
0
0
0
0
0
0
0
0
0
0
0
0
0
0
0
0
0
0
0
0
0
0
0
0
0
0
0
0
0
0
0
0
0
0
0
0
0
0
0
0
0
0
0
0
0
0
0
0
0
0
0
0
0
0
0
0
0
0
0
0
0
0
0
0
0
0
0
0
0
0
0
0
0
0
0
0
0
0
0
0
0
0
0
0
0
0
0
0
0
0
0
0
0
0
0
0
0
0
0
0
0
0
0
0
0
0
0
0
0
0
0
0
0
0
0
0
0
0
0
0
0
0
0
0
0
0
0
0
0
0
0
0
0
0
0
0
0
0
0
0
0
0
0
0
0
0
0
0
0
0
0
0
0
0
0
0
0
0
0
0
0
0
0
0
0
0
0
0
0
0
0
0
0
0
0
0
0
0
