16426879640833884159
69523219735904255
16209013610813325311
49778189924302847
124554051583
124554051583
55834574847
55834574847
9277946808674287615
36242614449602559
9277946808674287615
36240415426347007
1073741823
1073741823
1073741823
1073741823
9277662609614569471
36240989878222847
9277662609614569471
36240989878222847
16426879640833884159
33353685228584959
6967627175449067519
13608655416983551
9277662005097922559
36240385361575935
9277662005097922559
36240385361575935
320470058532863
2711198105599
320470058532863
512174850047
16426879640833884159
33494422716940287
6985360098981838847
13749392905338879
177008487170047
1086626725887
177008487170047
1086626725887
18545974800547839
213817430638591
18264499823837183
211618407383039
35666482167807
482110078975
35666482167807
482110078975
18261775740829695
212192859258879
18261775740829695
212192859258879
16426879640833884159
33353685228584959
6967345700472356863
13608655416983551
18261171224182783
211588342611967
18261171224182783
211588342611967
320470058532863
2711198105599
38995081822207
512174850047
351019087167487
66245575573503
311367949090815
26594437496831
177008487170047
1086626725887
177008487170047
1086626725887
284804650106879
31138512895
284804650106879
31138512895
35666482167807
482110078975
35666482167807
482110078975
124554051583
124554051583
55834574847
55834574847
351019087167487
66245575573503
311367949090815
26594437496831
1073741823
1073741823
1073741823
1073741823
284804650106879
31138512895
284804650106879
31138512895
69544110456831
66245575573503
29892972380159
26594437496831
124554051583
124554051583
55834574847
55834574847
3329673396223
31138512895
3329673396223
31138512895
1073741823
1073741823
1073741823
1073741823
124554051583
124554051583
55834574847
55834574847
69544110456831
66245575573503
29892972380159
26594437496831
1073741823
1073741823
1073741823
1073741823
3329673396223
31138512895
3329673396223
31138512895
0
0
0
0
0
0
0
0
0
0
0
0
0
0
0
0
0
0
0
0
0
0
0
0
0
0
0
0
0
0
0
0
0
0
0
0
0
0
0
0
0
0
0
0
0
0
0
0
0
0
0
0
0
0
0
0
0
0
0
0
0
0
0
0
0
0
0
0
0
0
0
0
0
0
0
0
0
0
0
0
0
0
0
0
0
0
0
0
0
0
0
0
0
0
0
0
0
0
0
0
0
0
0
0
0
0
0
0
0
0
0
0
0
0
0
0
0
0
0
0
0
0
0
0
0
0
0
0
0
0
0
0
0
0
0
0
0
0
0
0
0
0
0
0
0
0
0
0
0
0
0
0
0
0
0
0
0
0
0
0
0
0
0
0
0
0
0
0
0
0
0
0
0
0
0
0
0
0
0
0
0
0
0
0
0
0
0
0
0
0
0
0
0
0
0
0
0
0
0
0
0
0
0
0
0
0
0
0
0
0
0
0
0
0
0
0
0
0
0
0
0
0
0
0
0
0
0
0
0
0
0
0
0
0
0
0
0
0
0
0
0
0
0
0
0
0
0
0
0
0
0
0
0
0
0
0
0
0
0
0
0
0
0
0
0
0
0
0
0
0
0
0
0
0
0
0
0
0
0
0
0
0
0
0
0
0
0
0
0
0
0
0
0
0
0
0
0
0
0
0
0
0
0
0
0
0
0
0
0
0
0
0
0
0
0
0
0
0
0
0
0
0
0
0
0
0
0
0
0
0
0
0
0
0
0
0
0
0
0
0
0
0
0
0
0
0
0
0
0
0
0
0
0
0
0
0
0
0
0
0
0
0
0
0
0
0
0
0
0
0
0
0
0
0
0
0
0
0
0
0
0
0
0
0
