16426879640833884159
16281638552851185663
69523219735904255
49778189924302847
9350572335901442047
9350572335901442047
36243199638896639
36241000615641087
9277662609614569471
9277662609614569471
36240989878222847
36240989878222847
9277662555927478271
9277662555927478271
36240936191131647
36240936191131647
16426879640833884159
6967631573495578623
33353685228584959
13608655416983551
325453294338047
325453294338047
3296387399679
1097364144127
177008487170047
177008487170047
1086626725887
1086626725887
36217311723519
36217311723519
1032939634687
1032939634687
72971563078516735
72936309986951167
66245575573503
26594437496831
72909782121447423
72909782121447423
66571993087
66571993087
124554051583
55834574847
124554051583
55834574847
2147483647
2147483647
2147483647
2147483647
351019087167487
315765995601919
66245575573503
26594437496831
289238130098175
289238130098175
66571993087
66571993087
124554051583
55834574847
124554051583
55834574847
2147483647
2147483647
2147483647
2147483647
16426879640833884159
6985927446981771263
33494422716940287
13749392905338879
19113907989774335
18832433013063679
214402619932671
212203596677119
18261775740829695
18261775740829695
212192859258879
212192859258879
18261722053738495
18261722053738495
212139172167679
212139172167679
16426879640833884159
6967350098518867967
33353685228584959
13608655416983551
325453294338047
43978317627391
3296387399679
1097364144127
177008487170047
177008487170047
1086626725887
1086626725887
36217311723519
36217311723519
1032939634687
1032939634687
632494063878143
597240972312575
66245575573503
26594437496831
570713106808831
570713106808831
66571993087
66571993087
124554051583
55834574847
124554051583
55834574847
2147483647
2147483647
2147483647
2147483647
69544110456831
34291018891263
66245575573503
26594437496831
7763153387519
7763153387519
66571993087
66571993087
124554051583
55834574847
124554051583
55834574847
2147483647
2147483647
2147483647
2147483647
0
0
0
0
0
0
0
0
0
0
0
0
0
0
0
0
0
0
0
0
0
0
0
0
0
0
0
0
0
0
0
0
0
0
0
0
0
0
0
0
0
0
0
0
0
0
0
0
0
0
0
0
0
0
0
0
0
0
0
0
0
0
0
0
0
0
0
0
0
0
0
0
0
0
0
0
0
0
0
0
0
0
0
0
0
0
0
0
0
0
0
0
0
0
0
0
0
0
0
0
0
0
0
0
0
0
0
0
0
0
0
0
0
0
0
0
0
0
0
0
0
0
0
0
0
0
0
0
0
0
0
0
0
0
0
0
0
0
0
0
0
0
0
0
0
0
0
0
0
0
0
0
0
0
0
0
0
0
0
0
0
0
0
0
0
0
0
0
0
0
0
0
0
0
0
0
0
0
0
0
0
0
0
0
0
0
0
0
0
0
0
0
0
0
0
0
0
0
0
0
0
0
0
0
0
0
0
0
0
0
0
0
0
0
0
0
0
0
0
0
0
0
0
0
0
0
0
0
0
0
0
0
0
0
0
0
0
0
0
0
0
0
0
0
0
0
0
0
0
0
0
0
0
0
0
0
0
0
0
0
0
0
0
0
0
0
0
0
0
0
0
0
0
0
0
0
0
0
0
0
0
0
0
0
0
0
0
0
0
0
0
0
0
0
0
0
0
0
0
0
0
0
0
0
0
0
0
0
0
0
0
0
0
0
0
0
0
0
0
0
0
0
0
0
0
0
0
0
0
0
0
0
0
0
0
0
0
0
0
0
0
0
0
0
0
0
0
0
0
0
0
0
0
0
0
0
0
0
0
0
0
0
0
0
0
0
0
0
0
0
0
0
0
0
0
0
0
0
0
0
0
0
0
0
