17870283321406128127
17870283321406128127
13898374531879272447
13898374531879272447
4693664780760645631
4693629596388556799
4620711084746080255
4620711084746080255
17870283321406128127
8556276342050521087
195713069744127
195713069744127
351019087167487
315834715078655
17867063951359
17867063951359
71776119061217279
53161387202969599
36242102274752511
36242102274752511
66245575573503
31061203484671
274877906943
274877906943
35606584553897983
16991852695650303
2199023255551
2199023255551
66245575573503
31061203484671
274877906943
274877906943
17436811857271717887
17436811857271717887
13898374531879272447
13898374531879272447
4693629390230126591
4693629390230126591
4620710878587650047
4620710878587650047
3465871756982484991
3465871756982484991
54975581388799
54975581388799
315628556648447
315628556648447
17660905521151
17660905521151
43012894878597119
43010695855341567
36242102274752511
36242102274752511
13262859010047
13262859010047
68719476735
68719476735
6772991627100159
6770792603844607
2199023255551
2199023255551
13262859010047
13262859010047
68719476735
68719476735
17870283321406128127
8574572215536713727
27287679578144767
27287679578144767
9639693318619135
9604508946530303
9025066318692351
9025066318692351
17870283321406128127
8555994867073810431
195713069744127
195713069744127
69544110456831
34359738367999
17867063951359
17867063951359
35747322042253311
17132590184005631
213305255788543
213305255788543
66245575573503
31061203484671
274877906943
274877906943
35606584553897983
16991852695650303
2199023255551
2199023255551
66245575573503
31061203484671
274877906943
274877906943
3493667410932662271
3493385935955951615
27287679578144767
27287679578144767
9604302788100095
9604302788100095
9024860160262143
9024860160262143
3465871756982484991
3465590282005774335
54975581388799
54975581388799
34153579937791
34153579937791
17660905521151
17660905521151
6984097859633151
6981898836377599
213305255788543
213305255788543
13262859010047
13262859010047
68719476735
68719476735
6772991627100159
6770792603844607
2199023255551
2199023255551
13262859010047
13262859010047
68719476735
68719476735
0
0
0
0
0
0
0
0
0
0
0
0
0
0
0
0
0
0
0
0
0
0
0
0
0
0
0
0
0
0
0
0
0
0
0
0
0
0
0
0
0
0
0
0
0
0
0
0
0
0
0
0
0
0
0
0
0
0
0
0
0
0
0
0
0
0
0
0
0
0
0
0
0
0
0
0
0
0
0
0
0
0
0
0
0
0
0
0
0
0
0
0
0
0
0
0
0
0
0
0
0
0
0
0
0
0
0
0
0
0
0
0
0
0
0
0
0
0
0
0
0
0
0
0
0
0
0
0
0
0
0
0
0
0
0
0
0
0
0
0
0
0
0
0
0
0
0
0
0
0
0
0
0
0
0
0
0
0
0
0
0
0
0
0
0
0
0
0
0
0
0
0
0
0
0
0
0
0
0
0
0
0
0
0
0
0
0
0
0
0
0
0
0
0
0
0
0
0
0
0
0
0
0
0
0
0
0
0
0
0
0
0
0
0
0
0
0
0
0
0
0
0
0
0
0
0
0
0
0
0
0
0
0
0
0
0
0
0
0
0
0
0
0
0
0
0
0
0
0
0
0
0
0
0
0
0
0
0
0
0
0
0
0
0
0
0
0
0
0
0
0
0
0
0
0
0
0
0
0
0
0
0
0
0
0
0
0
0
0
0
0
0
0
0
0
0
0
0
0
0
0
0
0
0
0
0
0
0
0
0
0
0
0
0
0
0
0
0
0
0
0
0
0
0
0
0
0
0
0
0
0
0
0
0
0
0
0
0
0
0
0
0
0
0
0
0
0
0
0
0
0
0
0
0
0
0
0
0
0
0
0
0
0
0
0
0
0
0
0
0
0
0
0
0
0
0
0
0
0
0
0
0
0
0
