289360695496279044
289360695496279040
21391213572
21391213568
289360695479501828
289360695479501824
21374436356
21374436352
1130319344567300
1130319344567296
21391213572
21391213568
1130319327790084
1130319327790080
21374436356
21374436352
289360691469747204
289360691469747200
17364681732
17364681728
289360691452969988
289360691452969984
17347904516
17347904512
1130315318035460
1130315318035456
17364681732
17364681728
1130315301258244
1130315301258240
17347904516
17347904512
289360691738182660
289360691738182656
17633117188
17633117184
289360691721405444
289360691721405440
17616339972
17616339968
1130315586470916
1130315586470912
17633117188
17633117184
1130315569693700
1130315569693696
17616339972
17616339968
289360691469747204
289360691469747200
17364681732
17364681728
289360691452969988
289360691452969984
17347904516
17347904512
1130315318035460
1130315318035456
17364681732
17364681728
1130315301258244
1130315301258240
17347904516
17347904512
289360692275053572
289360692275053568
18169988100
18169988096
289360692258276356
289360692258276352
18153210884
18153210880
1130316123341828
1130316123341824
18169988100
18169988096
1130316106564612
1130316106564608
18153210884
18153210880
289360691469747204
289360691469747200
17364681732
17364681728
289360691452969988
289360691452969984
17347904516
17347904512
1130315318035460
1130315318035456
17364681732
17364681728
1130315301258244
1130315301258240
17347904516
17347904512
289360691738182660
289360691738182656
17633117188
17633117184
289360691721405444
289360691721405440
17616339972
17616339968
1130315586470916
1130315586470912
17633117188
17633117184
1130315569693700
1130315569693696
17616339972
17616339968
289360691469747204
289360691469747200
17364681732
17364681728
289360691452969988
289360691452969984
17347904516
17347904512
1130315318035460
1130315318035456
17364681732
17364681728
1130315301258244
1130315301258240
17347904516
17347904512
289360693348795396
289360693348795392
19243729924
19243729920
289360693332018180
289360693332018176
19226952708
19226952704
1130317197083652
1130317197083648
19243729924
19243729920
1130317180306436
1130317180306432
19226952708
19226952704
289360691469747204
289360691469747200
17364681732
17364681728
289360691452969988
289360691452969984
17347904516
17347904512
1130315318035460
1130315318035456
17364681732
17364681728
1130315301258244
1130315301258240
17347904516
17347904512
289360691738182660
289360691738182656
17633117188
17633117184
289360691721405444
289360691721405440
17616339972
17616339968
1130315586470916
1130315586470912
17633117188
17633117184
1130315569693700
1130315569693696
17616339972
17616339968
289360691469747204
289360691469747200
17364681732
17364681728
289360691452969988
289360691452969984
17347904516
17347904512
1130315318035460
1130315318035456
17364681732
17364681728
1130315301258244
1130315301258240
17347904516
17347904512
289360692275053572
289360692275053568
18169988100
18169988096
289360692258276356
289360692258276352
18153210884
18153210880
1130316123341828
1130316123341824
18169988100
18169988096
1130316106564612
1130316106564608
18153210884
18153210880
289360691469747204
289360691469747200
17364681732
17364681728
289360691452969988
289360691452969984
17347904516
17347904512
1130315318035460
1130315318035456
17364681732
17364681728
1130315301258244
1130315301258240
17347904516
17347904512
289360691738182660
289360691738182656
17633117188
17633117184
289360691721405444
289360691721405440
17616339972
17616339968
1130315586470916
1130315586470912
17633117188
17633117184
1130315569693700
1130315569693696
17616339972
17616339968
289360691469747204
289360691469747200
17364681732
17364681728
289360691452969988
289360691452969984
17347904516
17347904512
1130315318035460
1130315318035456
17364681732
17364681728
1130315301258244
1130315301258240
17347904516
17347904512
289360695496278016
289360695496278016
21391212544
21391212544
289360695479500800
289360695479500800
21374435328
21374435328
1130319344566272
1130319344566272
21391212544
21391212544
1130319327789056
1130319327789056
21374435328
21374435328
289360691469746176
289360691469746176
17364680704
17364680704
289360691452968960
289360691452968960
17347903488
17347903488
1130315318034432
1130315318034432
17364680704
17364680704
1130315301257216
1130315301257216
17347903488
17347903488
289360691738181632
289360691738181632
17633116160
17633116160
289360691721404416
289360691721404416
17616338944
17616338944
1130315586469888
1130315586469888
17633116160
17633116160
1130315569692672
1130315569692672
17616338944
17616338944
289360691469746176
289360691469746176
17364680704
17364680704
289360691452968960
289360691452968960
17347903488
17347903488
1130315318034432
1130315318034432
17364680704
17364680704
1130315301257216
1130315301257216
17347903488
17347903488
289360692275052544
289360692275052544
18169987072
18169987072
289360692258275328
289360692258275328
18153209856
18153209856
1130316123340800
1130316123340800
18169987072
18169987072
1130316106563584
1130316106563584
18153209856
18153209856
289360691469746176
289360691469746176
17364680704
17364680704
289360691452968960
289360691452968960
17347903488
17347903488
1130315318034432
1130315318034432
17364680704
17364680704
1130315301257216
1130315301257216
17347903488
17347903488
289360691738181632
289360691738181632
17633116160
17633116160
289360691721404416
289360691721404416
17616338944
17616338944
1130315586469888
1130315586469888
17633116160
17633116160
1130315569692672
1130315569692672
17616338944
17616338944
289360691469746176
289360691469746176
17364680704
17364680704
289360691452968960
289360691452968960
17347903488
17347903488
1130315318034432
1130315318034432
17364680704
17364680704
1130315301257216
1130315301257216
17347903488
17347903488
289360693348794368
289360693348794368
19243728896
19243728896
289360693332017152
289360693332017152
19226951680
19226951680
1130317197082624
1130317197082624
19243728896
19243728896
1130317180305408
1130317180305408
19226951680
19226951680
289360691469746176
289360691469746176
17364680704
17364680704
289360691452968960
289360691452968960
17347903488
17347903488
1130315318034432
1130315318034432
17364680704
17364680704
1130315301257216
1130315301257216
17347903488
17347903488
289360691738181632
289360691738181632
17633116160
17633116160
289360691721404416
289360691721404416
17616338944
17616338944
1130315586469888
1130315586469888
17633116160
17633116160
1130315569692672
1130315569692672
17616338944
17616338944
289360691469746176
289360691469746176
17364680704
17364680704
289360691452968960
289360691452968960
17347903488
17347903488
1130315318034432
1130315318034432
17364680704
17364680704
1130315301257216
1130315301257216
17347903488
17347903488
289360692275052544
289360692275052544
18169987072
18169987072
289360692258275328
289360692258275328
18153209856
18153209856
1130316123340800
1130316123340800
18169987072
18169987072
1130316106563584
1130316106563584
18153209856
18153209856
289360691469746176
289360691469746176
17364680704
17364680704
289360691452968960
289360691452968960
17347903488
17347903488
1130315318034432
1130315318034432
17364680704
17364680704
1130315301257216
1130315301257216
17347903488
17347903488
289360691738181632
289360691738181632
17633116160
17633116160
289360691721404416
289360691721404416
17616338944
17616338944
1130315586469888
1130315586469888
17633116160
17633116160
1130315569692672
1130315569692672
17616338944
17616338944
289360691469746176
289360691469746176
17364680704
17364680704
289360691452968960
289360691452968960
17347903488
17347903488
1130315318034432
1130315318034432
17364680704
17364680704
1130315301257216
1130315301257216
17347903488
17347903488
4419437724676
4419437724672
21391213572
21391213568
4419420947460
4419420947456
21374436356
21374436352
4419437724676
4419437724672
21391213572
21391213568
4419420947460
4419420947456
21374436356
21374436352
4415411192836
4415411192832
17364681732
17364681728
4415394415620
4415394415616
17347904516
17347904512
4415411192836
4415411192832
17364681732
17364681728
4415394415620
4415394415616
17347904516
17347904512
4415679628292
4415679628288
17633117188
17633117184
4415662851076
4415662851072
17616339972
17616339968
4415679628292
4415679628288
17633117188
17633117184
4415662851076
4415662851072
17616339972
17616339968
4415411192836
4415411192832
17364681732
17364681728
4415394415620
4415394415616
17347904516
17347904512
4415411192836
4415411192832
17364681732
17364681728
4415394415620
4415394415616
17347904516
17347904512
4416216499204
4416216499200
18169988100
18169988096
4416199721988
4416199721984
18153210884
18153210880
4416216499204
4416216499200
18169988100
18169988096
4416199721988
4416199721984
18153210884
18153210880
4415411192836
4415411192832
17364681732
17364681728
4415394415620
4415394415616
17347904516
17347904512
4415411192836
4415411192832
17364681732
17364681728
4415394415620
4415394415616
17347904516
17347904512
4415679628292
4415679628288
17633117188
17633117184
4415662851076
4415662851072
17616339972
17616339968
4415679628292
4415679628288
17633117188
17633117184
4415662851076
4415662851072
17616339972
17616339968
4415411192836
4415411192832
17364681732
17364681728
4415394415620
4415394415616
17347904516
17347904512
4415411192836
4415411192832
17364681732
17364681728
4415394415620
4415394415616
17347904516
17347904512
4417290241028
4417290241024
19243729924
19243729920
4417273463812
4417273463808
19226952708
19226952704
4417290241028
4417290241024
19243729924
19243729920
4417273463812
4417273463808
19226952708
19226952704
4415411192836
4415411192832
17364681732
17364681728
4415394415620
4415394415616
17347904516
17347904512
4415411192836
4415411192832
17364681732
17364681728
4415394415620
4415394415616
17347904516
17347904512
4415679628292
4415679628288
17633117188
17633117184
4415662851076
4415662851072
17616339972
17616339968
4415679628292
4415679628288
17633117188
17633117184
4415662851076
4415662851072
17616339972
17616339968
4415411192836
4415411192832
17364681732
17364681728
4415394415620
4415394415616
17347904516
17347904512
4415411192836
4415411192832
17364681732
17364681728
4415394415620
4415394415616
17347904516
17347904512
4416216499204
4416216499200
18169988100
18169988096
4416199721988
4416199721984
18153210884
18153210880
4416216499204
4416216499200
18169988100
18169988096
4416199721988
4416199721984
18153210884
18153210880
4415411192836
4415411192832
17364681732
17364681728
4415394415620
4415394415616
17347904516
17347904512
4415411192836
4415411192832
17364681732
17364681728
4415394415620
4415394415616
17347904516
17347904512
4415679628292
4415679628288
17633117188
17633117184
4415662851076
4415662851072
17616339972
17616339968
4415679628292
4415679628288
17633117188
17633117184
4415662851076
4415662851072
17616339972
17616339968
4415411192836
4415411192832
17364681732
17364681728
4415394415620
4415394415616
17347904516
17347904512
4415411192836
4415411192832
17364681732
17364681728
4415394415620
4415394415616
17347904516
17347904512
4419437723648
4419437723648
21391212544
21391212544
4419420946432
4419420946432
21374435328
21374435328
4419437723648
4419437723648
21391212544
21391212544
4419420946432
4419420946432
21374435328
21374435328
4415411191808
4415411191808
17364680704
17364680704
4415394414592
4415394414592
17347903488
17347903488
4415411191808
4415411191808
17364680704
17364680704
4415394414592
4415394414592
17347903488
17347903488
4415679627264
4415679627264
17633116160
17633116160
4415662850048
4415662850048
17616338944
17616338944
4415679627264
4415679627264
17633116160
17633116160
4415662850048
4415662850048
17616338944
17616338944
4415411191808
4415411191808
17364680704
17364680704
4415394414592
4415394414592
17347903488
17347903488
4415411191808
4415411191808
17364680704
17364680704
4415394414592
4415394414592
17347903488
17347903488
4416216498176
4416216498176
18169987072
18169987072
4416199720960
4416199720960
18153209856
18153209856
4416216498176
4416216498176
18169987072
18169987072
4416199720960
4416199720960
18153209856
18153209856
4415411191808
4415411191808
17364680704
17364680704
4415394414592
4415394414592
17347903488
17347903488
4415411191808
4415411191808
17364680704
17364680704
4415394414592
4415394414592
17347903488
17347903488
4415679627264
4415679627264
17633116160
17633116160
4415662850048
4415662850048
17616338944
17616338944
4415679627264
4415679627264
17633116160
17633116160
4415662850048
4415662850048
17616338944
17616338944
4415411191808
4415411191808
17364680704
17364680704
4415394414592
4415394414592
17347903488
17347903488
4415411191808
4415411191808
17364680704
17364680704
4415394414592
4415394414592
17347903488
17347903488
4417290240000
4417290240000
19243728896
19243728896
4417273462784
4417273462784
19226951680
19226951680
4417290240000
4417290240000
19243728896
19243728896
4417273462784
4417273462784
19226951680
19226951680
4415411191808
4415411191808
17364680704
17364680704
4415394414592
4415394414592
17347903488
17347903488
4415411191808
4415411191808
17364680704
17364680704
4415394414592
4415394414592
17347903488
17347903488
4415679627264
4415679627264
17633116160
17633116160
4415662850048
4415662850048
17616338944
17616338944
4415679627264
4415679627264
17633116160
17633116160
4415662850048
4415662850048
17616338944
17616338944
4415411191808
4415411191808
17364680704
17364680704
4415394414592
4415394414592
17347903488
17347903488
4415411191808
4415411191808
17364680704
17364680704
4415394414592
4415394414592
17347903488
17347903488
4416216498176
4416216498176
18169987072
18169987072
4416199720960
4416199720960
18153209856
18153209856
4416216498176
4416216498176
18169987072
18169987072
4416199720960
4416199720960
18153209856
18153209856
4415411191808
4415411191808
17364680704
17364680704
4415394414592
4415394414592
17347903488
17347903488
4415411191808
4415411191808
17364680704
17364680704
4415394414592
4415394414592
17347903488
17347903488
4415679627264
4415679627264
17633116160
17633116160
4415662850048
4415662850048
17616338944
17616338944
4415679627264
4415679627264
17633116160
17633116160
4415662850048
4415662850048
17616338944
17616338944
4415411191808
4415411191808
17364680704
17364680704
4415394414592
4415394414592
17347903488
17347903488
4415411191808
4415411191808
17364680704
17364680704
4415394414592
4415394414592
17347903488
17347903488
0
0
0
0
0
0
0
0
0
0
0
0
0
0
0
0
0
0
0
0
0
0
0
0
0
0
0
0
0
0
0
0
0
0
0
0
0
0
0
0
0
0
0
0
0
0
0
0
0
0
0
0
0
0
0
0
0
0
0
0
0
0
0
0
0
0
0
0
0
0
0
0
0
0
0
0
0
0
0
0
0
0
0
0
0
0
0
0
0
0
0
0
0
0
0
0
0
0
0
0
0
0
0
0
0
0
0
0
0
0
0
0
0
0
0
0
0
0
0
0
0
0
0
0
0
0
0
0
0
0
0
0
0
0
0
0
0
0
0
0
0
0
0
0
0
0
0
0
0
0
0
0
0
0
0
0
0
0
0
0
0
0
0
0
0
0
0
0
0
0
0
0
0
0
0
0
0
0
0
0
0
0
0
0
0
0
0
0
0
0
0
0
0
0
0
0
0
0
0
0
0
0
0
0
0
0
0
0
0
0
0
0
0
0
0
0
0
0
0
0
0
0
0
0
0
0
0
0
0
0
0
0
0
0
0
0
0
0
0
0
0
0
0
0
0
0
0
0
0
0
0
0
0
0
0
0
0
0
0
0
0
0
0
0
0
0
0
0
0
0
0
0
0
0
0
0
0
0
0
0
0
0
0
0
0
0
0
0
0
0
0
0
0
0
0
0
0
0
0
0
0
0
0
0
0
0
0
0
0
0
0
0
0
0
0
0
0
0
0
0
0
0
0
0
0
0
0
0
0
0
0
0
0
0
0
0
0
0
0
0
0
0
0
0
0
0
0
0
0
0
0
0
0
0
0
0
0
0
0
0
0
0
0
0
0
0
0
0
0
0
0
0
0
0
0
0
0
0
0
0
0
0
0
0
0
0
0
0
0
0
0
0
0
0
0
0
0
0
0
0
0
0
0
0
0
0
0
0
0
0
0
0
0
0
0
0
0
0
0
0
0
0
0
0
0
0
0
0
0
0
0
0
0
0
0
0
0
0
0
0
0
0
0
0
0
0
0
0
0
0
0
0
0
0
0
0
0
0
0
0
0
0
0
0
0
0
0
0
0
0
0
0
0
0
0
0
0
0
0
0
0
0
0
0
0
0
0
0
0
0
0
0
0
0
0
0
0
0
0
0
0
0
0
0
0
0
0
0
0
0
0
0
0
0
0
0
0
0
0
0
0
0
0
0
0
0
0
0
0
0
0
0
0
0
0
0
0
0
0
0
0
0
0
0
0
0
0
0
0
0
0
0
0
0
0
0
0
0
0
0
0
0
0
0
0
0
0
0
0
0
0
0
0
0
0
0
0
0
0
0
0
0
0
0
0
0
0
0
0
0
0
0
0
0
0
0
0
0
0
0
0
0
0
0
0
0
0
0
0
0
0
0
0
0
0
0
0
0
0
0
0
0
0
0
0
0
0
0
0
0
0
0
0
0
0
0
0
0
0
0
0
0
0
0
0
0
0
0
0
0
0
0
0
0
0
0
0
0
0
0
0
0
0
0
0
0
0
0
0
0
0
0
0
0
0
0
0
0
0
0
0
0
0
0
0
0
0
0
0
0
0
0
0
0
0
0
0
0
0
0
0
0
0
0
0
0
0
0
0
0
0
0
0
0
0
0
0
0
0
0
0
0
0
0
0
0
0
0
0
0
0
0
0
0
0
0
0
0
0
0
0
0
0
0
0
0
0
0
0
0
0
0
0
0
0
0
0
0
0
0
0
0
0
0
0
0
0
0
0
0
0
0
0
0
0
0
0
0
0
0
0
0
0
0
0
0
0
0
0
0
0
0
0
0
0
0
0
0
0
0
0
0
0
0
0
0
0
0
0
0
0
0
0
0
0
0
0
0
0
0
0
0
0
0
0
0
0
0
0
0
0
0
0
0
0
0
0
0
0
0
0
0
0
0
0
0
0
0
0
0
0
0
0
0
0
0
0
0
0
0
0
0
0
0
0
0
0
0
0
0
0
0
0
0
0
0
0
0
0
0
0
0
0
0
0
0
0
0
0
0
0
0
0
0
0
0
0
0
0
0
0
0
0
0
0
0
0
0
0
0
0
0
0
0
0
0
0
0
0
0
0
0
0
0
0
0
0
0
0
0
0
0
0
0
0
0
0
0
0
0
0
0
0
0
0
0
0
0
0
0
0
0
0
0
0
0
0
0
0
0
0
0
0
0
0
0
0
0
0
0
0
0
0
0
0
0
0
0
0
0
0
0
0
0
0
0
0
0
0
0
0
0
0
0
0
0
0
0
0
0
0
0
0
0
0
0
0
0
0
0
0
0
0
0
0
0
0
0
0
0
0
0
0
0
0
0
0
0
0
0
0
0
0
0
0
0
0
0
0
0
0
0
0
0
0
0
0
0
0
0
0
0
0
0
0
0
0
0
0
0
0
0
0
0
0
0
0
0
0
0
0
0
0
0
0
0
0
0
0
0
0
0
0
0
0
0
0
0
0
0
0
0
0
0
0
0
0
0
0
0
0
0
0
0
0
0
0
0
0
0
0
0
0
0
0
0
0
0
0
0
0
0
0
0
0
0
0
0
0
0
0
0
0
0
0
0
0
0
0
0
0
0
0
0
0
0
0
0
0
0
0
0
0
0
0
0
0
0
0
0
0
0
0
0
0
0
0
0
0
0
0
0
0
0
0
0
0
0
0
0
0
0
0
0
0
0
0
0
0
0
0
0
0
0
0
0
0
0
0
0
0
0
0
0
0
0
0
0
0
0
0
0
0
0
0
0
0
0
0
0
0
0
0
0
0
0
0
0
0
0
0
0
0
0
0
0
0
0
0
0
0
0
0
0
0
0
0
0
0
0
0
0
0
0
0
0
0
0
0
0
0
0
0
0
0
0
0
0
0
0
0
0
0
0
0
0
0
0
0
0
0
0
0
0
0
0
0
0
0
0
0
0
0
0
0
0
0
0
0
0
0
0
0
0
0
0
0
0
0
0
0
0
0
0
0
0
0
0
0
0
0
0
0
0
0
0
0
0
0
0
0
0
0
0
0
0
0
0
0
0
0
0
0
0
0
0
0
0
0
0
0
0
0
0
0
0
0
0
0
0
0
0
0
0
0
0
0
0
0
0
0
0
0
0
0
0
0
0
0
0
0
0
0
0
0
0
0
0
0
0
0
0
0
0
0
0
0
0
0
0
0
0
0
0
0
0
0
0
0
0
0
0
0
0
0
0
0
0
0
0
0
0
0
0
0
0
0
0
0
0
0
0
0
0
0
0
0
0
0
0
0
0
0
0
0
0
0
0
0
0
0
0
0
0
0
0
0
0
0
0
0
0
0
0
0
0
0
0
0
0
0
0
0
0
0
0
0
0
0
0
0
0
0
0
0
0
0
0
0
0
0
0
0
0
0
0
0
0
0
0
0
0
0
0
0
0
0
0
0
0
0
0
0
0
0
0
0
0
0
0
0
0
0
0
0
0
0
0
0
0
0
0
0
0
0
0
0
0
0
0
0
0
0
0
0
0
0
0
0
0
0
0
0
0
0
0
0
0
0
0
0
0
0
0
0
0
0
0
0
0
0
0
0
0
0
0
0
0
0
0
0
0
0
0
0
0
0
0
0
0
0
0
0
0
0
0
0
0
0
0
0
0
0
0
0
0
0
0
0
0
0
0
0
0
0
0
0
0
0
0
0
0
0
0
0
0
0
0
0
0
0
0
0
0
0
0
0
0
0
0
0
0
0
0
0
0
0
0
0
0
0
0
0
0
0
0
0
0
0
0
0
0
0
0
0
0
0
0
0
0
0
0
0
0
0
0
0
0
0
0
0
0
0
0
0
0
0
0
0
0
0
0
0
0
0
0
0
0
0
0
0
0
0
0
0
0
0
0
0
0
0
0
0
0
0
0
0
0
0
0
0
0
0
0
0
0
0
0
0
0
0
0
0
0
0
0
0
0
0
0
0
0
0
0
0
0
0
0
0
0
0
0
0
0
0
0
0
0
0
0
0
0
0
0
0
0
0
0
0
0
0
0
0
0
0
0
0
0
0
0
0
0
0
0
0
0
0
0
0
0
0
0
0
0
0
0
0
0
0
0
0
0
0
0
0
0
0
0
0
0
0
0
0
0
0
0
0
0
0
0
0
0
0
0
0
0
0
0
0
0
0
0
0
0
0
0
0
0
0
0
0
0
0
0
0
0
0
0
0
0
0
0
0
0
0
0
0
0
0
0
0
0
0
0
0
0
0
0
0
0
0
0
0
0
0
0
0
0
0
0
0
0
0
0
0
0
0
0
0
0
0
0
0
0
0
0
0
0
0
0
0
0
0
0
0
0
0
0
0
0
0
0
0
0
0
0
0
0
0
0
0
0
0
0
0
0
0
0
0
0
0
0
0
0
0
0
0
0
0
0
0
0
0
0
0
0
0
0
0
0
0
0
0
0
0
0
0
0
0
0
0
0
0
0
0
0
0
0
0
0
0
0
0
0
0
0
0
0
0
0
0
0
0
0
0
0
0
0
0
0
0
0
0
0
0
0
0
0
0
0
0
0
0
0
0
0
0
0
0
0
0
0
0
0
0
0
0
0
0
0
0
0
0
0
0
0
0
0
0
0
0
0
0
0
0
0
0
0
0
0
0
0
0
0
0
0
0
0
0
0
0
0
0
0
0
0
0
0
0
0
0
0
0
0
0
0
0
0
0
0
0
0
0
0
0
0
0
0
0
0
0
0
0
0
0
0
0
0
0
0
0
0
0
0
0
0
0
0
0
0
0
0
0
0
0
0
0
0
0
0
0
0
0
0
0
0
0
0
0
0
0
0
0
0
0
0
0
0
0
0
0
0
0
0
0
0
0
0
0
0
0
0
0
0
0
0
0
0
0
0
0
0
0
0
0
0
0
0
0
0
0
0
0
0
0
0
0
0
0
0
0
0
0
0
0
0
0
0
0
0
0
0
0
0
0
0
0
0
0
0
0
0
0
0
0
0
0
0
0
0
0
0
0
0
0
0
0
0
0
0
0
0
0
0
0
0
0
0
0
0
0
0
0
0
0
0
0
0
0
0
0
0
0
0
0
0
0
0
0
0
0
0
0
0
0
0
0
0
0
0
0
0
0
0
0
0
0
0
0
0
0
0
0
0
0
0
0
0
0
0
0
0
0
0
0
0
0
0
0
0
0
0
0
0
0
0
0
0
0
0
0
0
0
0
0
0
0
0
0
0
0
0
0
0
0
0
0
0
0
0
0
0
0
0
0
0
0
0
0
0
0
0
0
0
0
0
0
0
0
0
0
0
0
0
0
0
0
0
0
0
0
0
0
0
0
0
0
0
0
0
0
0
0
0
0
0
0
0
0
0
0
0
0
0
0
0
0
0
0
0
0
0
0
0
0
0
0
0
0
0
0
0
0
0
0
0
0
0
0
0
0
0
0
0
0
0
0
0
0
0
0
0
0
0
0
0
0
0
0
0
0
0
0
0
0
0
0
0
0
0
0
0
0
0
0
0
0
0
0
0
0
0
0
0
0
0
0
0
0
0
0
0
0
0
0
0
0
0
0
0
0
0
0
0
0
0
0
0
0
0
0
0
0
0
0
0
0
0
0
0
0
0
0
0
0
0
0
0
0
0
0
0
0
0
0
0
0
0
0
0
0
0
0
0
0
0
0
0
0
0
0
0
0
0
0
0
0
0
0
0
0
0
0
0
0
0
0
0
0
0
0
0
0
0
0
0
0
0
0
0
0
0
0
0
0
0
0
0
0
0
0
0
0
0
0
0
0
0
0
0
0
0
0
0
0
0
0
0
0
0
0
0
0
0
0
0
0
0
0
0
0
0
0
0
0
0
0
0
0
0
0
0
0
0
0
0
0
0
0
0
0
0
0
0
0
0
0
0
0
0
0
0
0
0
0
0
0
0
0
0
0
0
0
0
0
0
0
0
0
0
0
0
0
0
0
0
0
0
0
0
0
0
0
0
0
0
0
0
0
0
0
0
0
0
0
0
0
0
0
0
0
0
0
0
0
0
0
0
0
0
0
0
0
0
0
0
0
0
0
0
0
0
0
0
0
0
0
0
0
0
0
0
0
0
0
0
0
0
0
0
0
0
0
0
0
0
0
0
0
0
0
0
0
0
0
0
0
0
0
0
0
0
0
0
0
0
0
0
0
0
0
0
0
0
0
0
0
0
0
0
0
0
0
0
0
0
0
0
0
0
0
0
0
0
0
0
0
0
0
0
0
0
0
0
0
0
0
0
0
0
0
0
0
0
0
0
0
0
0
0
0
0
0
0
0
0
0
0
0
0
0
0
0
0
0
0
0
0
0
0
0
0
0
0
0
0
0
0
0
0
0
0
0
0
0
0
0
0
0
0
0
0
0
0
0
0
0
0
0
0
0
0
0
0
0
0
0
0
0
0
0
0
0
0
0
0
0
0
0
0
0
0
0
0
0
0
0
0
0
0
0
0
0
0
0
0
0
0
0
0
0
0
0
0
0
0
0
0
0
0
0
0
0
0
0
0
0
0
0
0
0
0
0
0
0
0
0
0
0
0
0
0
0
0
0
0
0
0
0
0
0
0
0
0
0
0
0
0
0
0
0
0
0
0
0
0
0
0
0
0
0
0
0
0
0
0
0
0
0
0
0
0
0
0
0
0
0
0
0
0
0
0
0
0
0
0
0
0
0
0
0
0
0
0
0
0
0
0
0
0
0
0
0
0
0
0
0
0
0
0
0
0
0
0
0
0
0
0
0
0
0
0
0
0
0
0
0
0
0
0
0
0
0
0
0
0
0
0
0
0
0
0
0
0
0
0
0
0
0
0
0
0
0
0
0
0
0
0
0
0
0
0
0
0
0
0
0
0
0
0
0
0
0
0
0
0
0
0
0
0
0
0
0
0
0
0
0
0
0
0
0
0
0
0
0
0
0
0
0
0
0
0
0
0
0
0
0
0
0
0
0
0
