17870283321406128127
17870283321406128127
13898658205879238655
13898658205879238655
17870283321406128127
17797944252391489535
9250661915456176127
9250661915456176127
13935051216124903423
13935051216124903423
13862416378482393087
13862416378482393087
9251026128682876927
9251026128682876927
9250448885078294527
9250448885078294527
17436811857271717887
17436811857271717887
13898658205879238655
13898658205879238655
12717039447787438079
12716757972810727423
9250661915456176127
9250661915456176127
13935051078685949951
13935051078685949951
13862416241043439615
13862416241043439615
9251025991243923455
9251025991243923455
9250448747639341055
9250448747639341055
9295148155915993087
9294583006939316223
9277663722011099135
9277663722011099135
9259119358897029119
9258554209920352255
9241634924992135167
9241634924992135167
9241452680939831295
9241452680939831295
9241421894614253567
9241421894614253567
9241452680939831295
9241452680939831295
9241421894614253567
9241421894614253567
9284434514614943743
9284432315591688191
9277663722011099135
9277663722011099135
9248405717595979775
9248403518572724223
9241634924992135167
9241634924992135167
9241434951314833407
9241434951314833407
9241421757175300095
9241421757175300095
9241434951314833407
9241434951314833407
9241421757175300095
9241421757175300095
17870283321406128127
17870283321406128127
13898658205879238655
13898658205879238655
17870283321406128127
8574572215536713727
27289878601400319
27289878601400319
4693664780760645631
4693664780760645631
4621029943118135295
4621029943118135295
9639693318619135
9639693318619135
9062449714036735
9062449714036735
17436811857271717887
17436811857271717887
13898658205879238655
13898658205879238655
3493667410932662271
3493385935955951615
27289878601400319
27289878601400319
4693664643321692159
4693664643321692159
4621029805679181823
4621029805679181823
9639555879665663
9639555879665663
9062312275083263
9062312275083263
71776119061217279
53196571575058431
36277286646841343
36277286646841343
35747322042253311
17167774556094463
248489627877375
248489627877375
66245575573503
66245575573503
35459249995775
35459249995775
66245575573503
66245575573503
35459249995775
35459249995775
43048079250685951
43045880227430399
36277286646841343
36277286646841343
7019282231721983
7017083208466431
248489627877375
248489627877375
48515950575615
48515950575615
35321811042303
35321811042303
48515950575615
48515950575615
35321811042303
35321811042303
17870283321406128127
8556276342050521087
479387069710335
479387069710335
17870283321406128127
8555994867073810431
197912092999679
197912092999679
351019087167487
315834715078655
301541063917567
301541063917567
69544110456831
34359738367999
20066087206911
20066087206911
3465871756982484991
3465871756982484991
338649581355007
338649581355007
3465871756982484991
3465590282005774335
57174604644351
57174604644351
315697276125183
315697276125183
301403624964095
301403624964095
34222299414527
34222299414527
19928648253439
19928648253439
35606584553897983
16991852695650303
2199023255551
2199023255551
35606584553897983
16991852695650303
2199023255551
2199023255551
66245575573503
31061203484671
274877906943
274877906943
66245575573503
31061203484671
274877906943
274877906943
6772991627100159
6770792603844607
2199023255551
2199023255551
6772991627100159
6770792603844607
2199023255551
2199023255551
13331578486783
13331578486783
137438953471
137438953471
13331578486783
13331578486783
137438953471
137438953471
17870283321406128127
8556276342050521087
479387069710335
479387069710335
17870283321406128127
8555994867073810431
197912092999679
197912092999679
351019087167487
315834715078655
301541063917567
301541063917567
69544110456831
34359738367999
20066087206911
20066087206911
3465871756982484991
3465871756982484991
338649581355007
338649581355007
3465871756982484991
3465590282005774335
57174604644351
57174604644351
315697276125183
315697276125183
301403624964095
301403624964095
34222299414527
34222299414527
19928648253439
19928648253439
35606584553897983
16991852695650303
2199023255551
2199023255551
35606584553897983
16991852695650303
2199023255551
2199023255551
66245575573503
31061203484671
274877906943
274877906943
66245575573503
31061203484671
274877906943
274877906943
6772991627100159
6770792603844607
2199023255551
2199023255551
6772991627100159
6770792603844607
2199023255551
2199023255551
13331578486783
13331578486783
137438953471
137438953471
13331578486783
13331578486783
137438953471
137438953471
17870283321406128127
17870283321406128127
13898658205879238655
13898658205879238655
17870283321406128127
8574572215536713727
27289878601400319
27289878601400319
4711679179270127615
4711679179270127615
4639044341627617279
4639044341627617279
27654091828101119
27654091828101119
27076848223518719
27076848223518719
17436811857271717887
17436811857271717887
13898658205879238655
13898658205879238655
3493667410932662271
3493385935955951615
27289878601400319
27289878601400319
4711679041831174143
4711679041831174143
4639044204188663807
4639044204188663807
27653954389147647
27653954389147647
27076710784565247
27076710784565247
71776119061217279
71210970084540415
54291685156323327
54291685156323327
35747322042253311
35182173065576447
18262888137359359
18262888137359359
18080644085055487
18080644085055487
18049857759477759
18049857759477759
18080644085055487
18080644085055487
18049857759477759
18049857759477759
61062477760167935
61060278736912383
54291685156323327
54291685156323327
25033680741203967
25031481717948415
18262888137359359
18262888137359359
18062914460057599
18062914460057599
18049720320524287
18049720320524287
18062914460057599
18062914460057599
18049720320524287
18049720320524287
17870283321406128127
17870283321406128127
13898658205879238655
13898658205879238655
17870283321406128127
8574572215536713727
27289878601400319
27289878601400319
4693664780760645631
4693664780760645631
4621029943118135295
4621029943118135295
9639693318619135
9639693318619135
9062449714036735
9062449714036735
17436811857271717887
17436811857271717887
13898658205879238655
13898658205879238655
3493667410932662271
3493385935955951615
27289878601400319
27289878601400319
4693664643321692159
4693664643321692159
4621029805679181823
4621029805679181823
9639555879665663
9639555879665663
9062312275083263
9062312275083263
71776119061217279
53196571575058431
36277286646841343
36277286646841343
35747322042253311
17167774556094463
248489627877375
248489627877375
66245575573503
66245575573503
35459249995775
35459249995775
66245575573503
66245575573503
35459249995775
35459249995775
43048079250685951
43045880227430399
36277286646841343
36277286646841343
7019282231721983
7017083208466431
248489627877375
248489627877375
48515950575615
48515950575615
35321811042303
35321811042303
48515950575615
48515950575615
35321811042303
35321811042303
17870283321406128127
8556276342050521087
479387069710335
479387069710335
17870283321406128127
8555994867073810431
197912092999679
197912092999679
351019087167487
315834715078655
301541063917567
301541063917567
69544110456831
34359738367999
20066087206911
20066087206911
3465871756982484991
3465871756982484991
338649581355007
338649581355007
3465871756982484991
3465590282005774335
57174604644351
57174604644351
315697276125183
315697276125183
301403624964095
301403624964095
34222299414527
34222299414527
19928648253439
19928648253439
35606584553897983
16991852695650303
2199023255551
2199023255551
35606584553897983
16991852695650303
2199023255551
2199023255551
66245575573503
31061203484671
274877906943
274877906943
66245575573503
31061203484671
274877906943
274877906943
6772991627100159
6770792603844607
2199023255551
2199023255551
6772991627100159
6770792603844607
2199023255551
2199023255551
13331578486783
13331578486783
137438953471
137438953471
13331578486783
13331578486783
137438953471
137438953471
17870283321406128127
8556276342050521087
479387069710335
479387069710335
17870283321406128127
8555994867073810431
197912092999679
197912092999679
351019087167487
315834715078655
301541063917567
301541063917567
69544110456831
34359738367999
20066087206911
20066087206911
3465871756982484991
3465871756982484991
338649581355007
338649581355007
3465871756982484991
3465590282005774335
57174604644351
57174604644351
315697276125183
315697276125183
301403624964095
301403624964095
34222299414527
34222299414527
19928648253439
19928648253439
35606584553897983
16991852695650303
2199023255551
2199023255551
35606584553897983
16991852695650303
2199023255551
2199023255551
66245575573503
31061203484671
274877906943
274877906943
66245575573503
31061203484671
274877906943
274877906943
6772991627100159
6770792603844607
2199023255551
2199023255551
6772991627100159
6770792603844607
2199023255551
2199023255551
13331578486783
13331578486783
137438953471
137438953471
13331578486783
13331578486783
137438953471
137438953471
