17870283321406128127
17870283321406128127
4675710855390691327
63180412033171455
17870283321406128127
17797944252391489535
4675710855390691327
63180412033171455
9295148155915993087
9295148155915993087
54149023522619391
54149023522619391
9294583006939316223
9294583006939316223
54149023522619391
54149023522619391
17870283321406128127
17870283321406128127
4621667659862245375
9137216504725503
17870283321406128127
8574572215536713727
4621667659862245375
9137216504725503
71776119061217279
35747322042253311
105827994173439
105827994173439
53196571575058431
17167774556094463
105827994173439
105827994173439
17870283321406128127
17870283321406128127
868889063849983
24464133718015
8628896886041870335
8555994867073810431
868889063849983
24464133718015
35606584553897983
35606584553897983
274877906943
274877906943
16991852695650303
16991852695650303
274877906943
274877906943
17870283321406128127
17870283321406128127
868889063849983
24464133718015
8628896886041870335
8555994867073810431
868889063849983
24464133718015
35606584553897983
35606584553897983
274877906943
274877906943
16991852695650303
16991852695650303
274877906943
274877906943
13971283147917099007
9286695110521651199
17436811857271717887
12753068244806402047
13971283147917099007
9286695110521651199
17436811857271717887
12752786769829691391
9277663722011099135
9277663722011099135
9284434514614943743
9284434514614943743
9277663722011099135
9277663722011099135
9284432315591688191
9284432315591688191
13971283147917099007
27294276647911423
17436811857271717887
3493667410932662271
13971283147917099007
27294276647911423
17436811857271717887
3493385935955951615
36277286646841343
248489627877375
43048079250685951
7019282231721983
36277286646841343
248489627877375
43045880227430399
7017083208466431
73104329107570687
202310139510783
3538492300973834239
3465871756982484991
73104329107570687
202310139510783
3538492300973834239
3465590282005774335
2199023255551
2199023255551
6772991627100159
6772991627100159
2199023255551
2199023255551
6770792603844607
6770792603844607
73104329107570687
202310139510783
3538492300973834239
3465871756982484991
73104329107570687
202310139510783
3538492300973834239
3465590282005774335
2199023255551
2199023255551
6772991627100159
6772991627100159
2199023255551
2199023255551
6770792603844607
6770792603844607
17870283321406128127
17870283321406128127
13971283147917099007
9286695110521651199
17870283321406128127
8574572215536713727
13971283147917099007
9286695110521651199
71776119061217279
71776119061217279
9277663722011099135
9277663722011099135
71210970084540415
71210970084540415
9277663722011099135
9277663722011099135
17870283321406128127
17870283321406128127
13971283147917099007
27294276647911423
17870283321406128127
8574572215536713727
13971283147917099007
27294276647911423
71776119061217279
35747322042253311
36277286646841343
248489627877375
53196571575058431
17167774556094463
36277286646841343
248489627877375
17870283321406128127
17870283321406128127
72963591619215359
61572651155455
8556839292003942399
8555994867073810431
72963591619215359
61572651155455
35606584553897983
35606584553897983
2199023255551
2199023255551
16991852695650303
16991852695650303
2199023255551
2199023255551
17870283321406128127
17870283321406128127
72963591619215359
61572651155455
8556839292003942399
8555994867073810431
72963591619215359
61572651155455
35606584553897983
35606584553897983
2199023255551
2199023255551
16991852695650303
16991852695650303
2199023255551
2199023255551
13899225553879171071
63323073666875391
17436811857271717887
3529696207951626239
13899225553879171071
63323073666875391
17436811857271717887
3529414732974915583
54291685156323327
54291685156323327
61062477760167935
61062477760167935
54291685156323327
54291685156323327
61060278736912383
61060278736912383
13899225553879171071
27294276647911423
17436811857271717887
3493667410932662271
13899225553879171071
27294276647911423
17436811857271717887
3493385935955951615
36277286646841343
248489627877375
43048079250685951
7019282231721983
36277286646841343
248489627877375
43045880227430399
7017083208466431
1046735069642751
202310139510783
3466434706935906303
3465871756982484991
1046735069642751
202310139510783
3466434706935906303
3465590282005774335
2199023255551
2199023255551
6772991627100159
6772991627100159
2199023255551
2199023255551
6770792603844607
6770792603844607
1046735069642751
202310139510783
3466434706935906303
3465871756982484991
1046735069642751
202310139510783
3466434706935906303
3465590282005774335
2199023255551
2199023255551
6772991627100159
6772991627100159
2199023255551
2199023255551
6770792603844607
6770792603844607
13971150381888045055
9287125294446018559
13899225553879171071
63323073666875391
13971150381888045055
9287125294446018559
13899225553879171071
63323073666875391
9277551846702972927
9277551846702972927
54291685156323327
54291685156323327
9277551846702972927
9277551846702972927
54291685156323327
54291685156323327
4693735149504823295
9710062062796799
13899225553879171071
27294276647911423
4693735149504823295
9710062062796799
13899225553879171071
27294276647911423
136614319751167
136614319751167
36277286646841343
248489627877375
136614319751167
136614319751167
36277286646841343
248489627877375
72971563078516735
69544110456831
905997581287423
61572651155455
72936378706427903
34359738367999
905997581287423
61572651155455
66245575573503
66245575573503
2199023255551
2199023255551
31061203484671
31061203484671
2199023255551
2199023255551
72971563078516735
69544110456831
905997581287423
61572651155455
72936378706427903
34359738367999
905997581287423
61572651155455
66245575573503
66245575573503
2199023255551
2199023255551
31061203484671
31061203484671
2199023255551
2199023255551
13971140486283395071
9286552448887947263
13971150381888045055
9287125294446018559
13971140486283395071
9286552448887947263
13971150381888045055
9287125294446018559
9277521060377395199
9277521060377395199
9277534254516928511
9277534254516928511
9277521060377395199
9277521060377395199
9277534254516928511
9277534254516928511
4693725253900173311
9137216504725503
4693735149504823295
9710062062796799
4693725253900173311
9137216504725503
4693735149504823295
9710062062796799
105827994173439
105827994173439
119022133706751
119022133706751
105827994173439
105827994173439
119022133706751
119022133706751
72926483101777919
24464133718015
72936378706427903
34359738367999
72926483101777919
24464133718015
72936378706427903
34359738367999
274877906943
274877906943
13469017440255
13469017440255
274877906943
274877906943
13469017440255
13469017440255
72926483101777919
24464133718015
72936378706427903
34359738367999
72926483101777919
24464133718015
72936378706427903
34359738367999
274877906943
274877906943
13469017440255
13469017440255
274877906943
274877906943
13469017440255
13469017440255
4747778345033269247
63753257591242751
13971140486283395071
9286552448887947263
4747778345033269247
63753257591242751
13971140486283395071
9286552448887947263
54179809848197119
54179809848197119
9277521060377395199
9277521060377395199
54179809848197119
54179809848197119
9277521060377395199
9277521060377395199
4693735149504823295
9710062062796799
4693725253900173311
9137216504725503
4693735149504823295
9710062062796799
4693725253900173311
9137216504725503
136614319751167
136614319751167
105827994173439
105827994173439
136614319751167
136614319751167
105827994173439
105827994173439
913969040588799
69544110456831
72926483101777919
24464133718015
878784668499967
34359738367999
72926483101777919
24464133718015
66245575573503
66245575573503
274877906943
274877906943
31061203484671
31061203484671
274877906943
274877906943
913969040588799
69544110456831
72926483101777919
24464133718015
878784668499967
34359738367999
72926483101777919
24464133718015
66245575573503
66245575573503
274877906943
274877906943
31061203484671
31061203484671
274877906943
274877906943
4675710855390691327
63180412033171455
4747778345033269247
63753257591242751
4675710855390691327
63180412033171455
4747778345033269247
63753257591242751
54149023522619391
54149023522619391
54162217662152703
54162217662152703
54149023522619391
54149023522619391
54162217662152703
54162217662152703
4621667659862245375
9137216504725503
4693735149504823295
9710062062796799
4621667659862245375
9137216504725503
4693735149504823295
9710062062796799
105827994173439
105827994173439
119022133706751
119022133706751
105827994173439
105827994173439
119022133706751
119022133706751
868889063849983
24464133718015
878784668499967
34359738367999
868889063849983
24464133718015
878784668499967
34359738367999
274877906943
274877906943
13469017440255
13469017440255
274877906943
274877906943
13469017440255
13469017440255
868889063849983
24464133718015
878784668499967
34359738367999
868889063849983
24464133718015
878784668499967
34359738367999
274877906943
274877906943
13469017440255
13469017440255
274877906943
274877906943
13469017440255
13469017440255
