17870283321406128127
17870283321406128127
17582052945254416383
17582052945254416383
17870283321406128127
8556839292003942399
3466575444424261631
3466575444424261631
14044475437954891775
14044475437954891775
14044475437954891775
14044475437954891775
1055531162664959
1055531162664959
1055531162664959
1055531162664959
4693876161871085567
4693876161871085567
4693876161871085567
4693876161871085567
1054981406851071
1019797034762239
1019797034762239
1019797034762239
4621808672228507647
4621808672228507647
4621808672228507647
4621808672228507647
1009901430112255
1009901430112255
1009901430112255
1009901430112255
17870283321406128127
8574572215536713727
3494793310839504895
3494511835862794239
17870283321406128127
8555994867073810431
3466012494470840319
3465731019494129663
28428972647776255
28428972647776255
28428972647776255
28428972647776255
211106232532991
211106232532991
211106232532991
211106232532991
9851074429059071
9851074429059071
9851074429059071
9851074429059071
210556476719103
175372104630271
175372104630271
175372104630271
9278228870987775
9278228870987775
9278228870987775
9278228870987775
165476499980287
165476499980287
165476499980287
165476499980287
215891307137073151
197311759650914303
188289167233384447
188286968210128895
35606584553897983
16991852695650303
6772991627100159
6770792603844607
181527170722562047
181527170722562047
181527170722562047
181527170722562047
10995116277759
10995116277759
10995116277759
10995116277759
136889197658111
136889197658111
119297011613695
119297011613695
66520453480447
31336081391615
13743895347199
13743895347199
106102872080383
106102872080383
106102872080383
106102872080383
549755813887
549755813887
549755813887
549755813887
35747322042253311
17167774556094463
8145182138564607
8142983115309055
35606584553897983
16991852695650303
6772991627100159
6770792603844607
1383185627742207
1383185627742207
1383185627742207
1383185627742207
10995116277759
10995116277759
10995116277759
10995116277759
136889197658111
136889197658111
119297011613695
119297011613695
66520453480447
31336081391615
13743895347199
13743895347199
106102872080383
106102872080383
106102872080383
106102872080383
549755813887
549755813887
549755813887
549755813887
0
0
0
0
0
0
0
0
0
0
0
0
0
0
0
0
0
0
0
0
0
0
0
0
0
0
0
0
0
0
0
0
0
0
0
0
0
0
0
0
0
0
0
0
0
0
0
0
0
0
0
0
0
0
0
0
0
0
0
0
0
0
0
0
0
0
0
0
0
0
0
0
0
0
0
0
0
0
0
0
0
0
0
0
0
0
0
0
0
0
0
0
0
0
0
0
0
0
0
0
0
0
0
0
0
0
0
0
0
0
0
0
0
0
0
0
0
0
0
0
0
0
0
0
0
0
0
0
0
0
0
0
0
0
0
0
0
0
0
0
0
0
0
0
0
0
0
0
0
0
0
0
0
0
0
0
0
0
0
0
0
0
0
0
0
0
0
0
0
0
0
0
0
0
0
0
0
0
0
0
0
0
0
0
0
0
0
0
0
0
0
0
0
0
0
0
0
0
0
0
0
0
0
0
0
0
0
0
0
0
0
0
0
0
0
0
0
0
0
0
0
0
0
0
0
0
0
0
0
0
0
0
0
0
0
0
0
0
0
0
0
0
0
0
0
0
0
0
0
0
0
0
0
0
0
0
0
0
0
0
0
0
0
0
0
0
0
0
0
0
0
0
0
0
0
0
0
0
0
0
0
0
0
0
0
0
0
0
0
0
0
0
0
0
0
0
0
0
0
0
0
0
0
0
0
0
0
0
0
0
0
0
0
0
0
0
0
0
0
0
0
0
0
0
0
0
0
0
0
0
0
0
0
0
0
0
0
0
0
0
0
0
0
0
0
0
0
0
0
0
0
0
0
0
0
0
0
0
0
0
0
0
0
0
0
0
0
0
0
0
0
0
0
0
0
0
0
0
0
0
0
0
0
0
