18446744073709551615
18446744073709551615
18446744073709551615
18446744073709551615
1764848103975813119
1764848103975813119
1764848103975813119
1764848103975813119
2521734316350767103
2503156967887863807
2494149768633122815
2494149768633122815
8145182138564607
8145182138564607
8145182138564607
8145182138564607
7004223320467963903
7004223320467963903
7004223320467963903
7004223320467963903
14073748835532799
14073748835532799
14073748835532799
14073748835532799
2310487346329419775
2310487346329419775
2310487346329419775
2310487346329419775
4626744929681407
4626744929681407
4626744929681407
4626744929681407
18446744073709551615
9133300044307365887
4332392472786239487
4332392472786239487
1733252537840041983
1733252537840041983
1733252537840041983
1733252537840041983
35606584553897983
17029236090994687
7951668092076031
7951668092076031
3395291906572287
3395291906572287
3395291906572287
3395291906572287
1055531162664959
1055531162664959
1055531162664959
1055531162664959
457396837154815
457396837154815
457396837154815
457396837154815
70368744177663
70368744177663
70368744177663
70368744177663
17592186044415
17592186044415
17592186044415
17592186044415
18446744073709551615
9151314442816847871
4359484439294640127
4359484439294640127
18086456103519911935
18086456103519911935
18086456103519911935
18086456103519911935
35747322042253311
17169973579350015
8162774324609023
8162774324609023
2494132176447078399
2494132176447078399
2494132176447078399
2494132176447078399
14636698788954111
14636698788954111
14636698788954111
14636698788954111
6932165726430035967
6932165726430035967
6932165726430035967
6932165726430035967
4644337115725823
4644337115725823
4644337115725823
4644337115725823
2310469754143375359
2310469754143375359
2310469754143375359
2310469754143375359
18446744073709551615
9132737094353944575
4331829522832818175
4331829522832818175
1733815487793463295
1733815487793463295
1733815487793463295
1733815487793463295
35606584553897983
17029236090994687
7951668092076031
7951668092076031
3395291906572287
3395291906572287
3395291906572287
3395291906572287
492581209243647
492581209243647
492581209243647
492581209243647
1020346790576127
1020346790576127
1020346790576127
1020346790576127
70368744177663
70368744177663
70368744177663
70368744177663
17592186044415
17592186044415
17592186044415
17592186044415
0
0
0
0
0
0
0
0
0
0
0
0
0
0
0
0
0
0
0
0
0
0
0
0
0
0
0
0
0
0
0
0
0
0
0
0
0
0
0
0
0
0
0
0
0
0
0
0
0
0
0
0
0
0
0
0
0
0
0
0
0
0
0
0
0
0
0
0
0
0
0
0
0
0
0
0
0
0
0
0
0
0
0
0
0
0
0
0
0
0
0
0
0
0
0
0
0
0
0
0
0
0
0
0
0
0
0
0
0
0
0
0
0
0
0
0
0
0
0
0
0
0
0
0
0
0
0
0
0
0
0
0
0
0
0
0
0
0
0
0
0
0
0
0
0
0
0
0
0
0
0
0
0
0
0
0
0
0
0
0
0
0
0
0
0
0
0
0
0
0
0
0
0
0
0
0
0
0
0
0
0
0
0
0
0
0
0
0
0
0
0
0
0
0
0
0
0
0
0
0
0
0
0
0
0
0
0
0
0
0
0
0
0
0
0
0
0
0
0
0
0
0
0
0
0
0
0
0
0
0
0
0
0
0
0
0
0
0
0
0
0
0
0
0
0
0
0
0
0
0
0
0
0
0
0
0
0
0
0
0
0
0
0
0
0
0
0
0
0
0
0
0
0
0
0
0
0
0
0
0
0
0
0
0
0
0
0
0
0
0
0
0
0
0
0
0
0
0
0
0
0
0
0
0
0
0
0
0
0
0
0
0
0
0
0
0
0
0
0
0
0
0
0
0
0
0
0
0
0
0
0
0
0
0
0
0
0
0
0
0
0
0
0
0
0
0
0
0
0
0
0
0
0
0
0
0
0
0
0
0
0
0
0
0
0
0
0
0
0
0
0
0
0
0
0
0
0
0
0
0
0
0
0
0
