18446744073709551615
18446744073709551615
18446744073709551615
18446744073709551615
16281638552851185663
16281638552851185663
7004223320467963903
7004223320467963903
18446744073709551615
18446744073709551615
18446744073709551615
18446744073709551615
16281638552851185663
16281638552851185663
7004223320467963903
7004223320467963903
16428849965670858751
16428849965670858751
7133420334778155007
7115405936268673023
16281216340386119679
16281216340386119679
6931743513964969983
6931743513964969983
16428849965670858751
16428849965670858751
7115405936268673023
7115405936268673023
16281216340386119679
16281216340386119679
6931743513964969983
6931743513964969983
18446744073709551615
18446744073709551615
18446744073709551615
18446744073709551615
7058266515996409855
7058266515996409855
7004223320467963903
7004223320467963903
18446744073709551615
18446744073709551615
18446744073709551615
18446744073709551615
7058266515996409855
7058266515996409855
7004223320467963903
7004223320467963903
2593791910388695039
2593791910388695039
2521734316350767103
2503719917841285119
2446158285103955967
2446158285103955967
2320057495537582079
2320057495537582079
2593791910388695039
2593791910388695039
2503719917841285119
2503719917841285119
2446158285103955967
2446158285103955967
2320057495537582079
2320057495537582079
18446744073709551615
9205357638345293823
18446744073709551615
9205357638345293823
4693806342882721791
4693806342882721791
4693806342882721791
4693806342882721791
9025143284506296319
9025143284506296319
9025143284506296319
9025143284506296319
4693806342882721791
4693806342882721791
4693806342882721791
4693806342882721791
4647292602981285887
4628715254518382591
4647292602981285887
4628715254518382591
4620763586426306559
4620763586426306559
4620763586426306559
4620763586426306559
4628644885774204927
4628644885774204927
4628644885774204927
4628644885774204927
4620763586426306559
4620763586426306559
4620763586426306559
4620763586426306559
18446744073709551615
9133300044307365887
18446744073709551615
9133300044307365887
10062730417405951
10062730417405951
10062730417405951
10062730417405951
4341399672040980479
4341399672040980479
4341399672040980479
4341399672040980479
10062730417405951
10062730417405951
10062730417405951
10062730417405951
35606584553897983
17029236090994687
35606584553897983
17029236090994687
9077567998918655
9077567998918655
9077567998918655
9077567998918655
16958867346817023
16958867346817023
16958867346817023
16958867346817023
9077567998918655
9077567998918655
9077567998918655
9077567998918655
18158513697557839871
18158513697557839871
18158513697557839871
18158513697557839871
16281638552851185663
16281638552851185663
7004223320467963903
7004223320467963903
18158513697557839871
18158513697557839871
18158513697557839871
18158513697557839871
16281638552851185663
16281638552851185663
7004223320467963903
7004223320467963903
16428849965670858751
16428849965670858751
7115405936268673023
7115405936268673023
16281216340386119679
16281216340386119679
6931743513964969983
6931743513964969983
16428849965670858751
16428849965670858751
7115405936268673023
7115405936268673023
16281216340386119679
16281216340386119679
6931743513964969983
6931743513964969983
18158513697557839871
18158513697557839871
18086456103519911935
18086456103519911935
7058266515996409855
7058266515996409855
6932165726430035967
6932165726430035967
18158513697557839871
18158513697557839871
18086456103519911935
18086456103519911935
7058266515996409855
7058266515996409855
6932165726430035967
6932165726430035967
2593791910388695039
2593791910388695039
2503719917841285119
2503719917841285119
2446158285103955967
2446158285103955967
2320057495537582079
2320057495537582079
2593791910388695039
2593791910388695039
2503719917841285119
2503719917841285119
2446158285103955967
2446158285103955967
2320057495537582079
2320057495537582079
6426566299513520127
6426566299513520127
6426566299513520127
6426566299513520127
4693771158510632959
4693771158510632959
4693771158510632959
4693771158510632959
6426566299513520127
6426566299513520127
6426566299513520127
6426566299513520127
4693771158510632959
4693771158510632959
4693771158510632959
4693771158510632959
4624106101774745599
4624106101774745599
4624106101774745599
4624106101774745599
4620728402054217727
4620728402054217727
4620728402054217727
4620728402054217727
4624106101774745599
4624106101774745599
4624106101774745599
4624106101774745599
4620728402054217727
4620728402054217727
4620728402054217727
4620728402054217727
1742822687048204287
1742822687048204287
1742822687048204287
1742822687048204287
10027546045317119
10027546045317119
10027546045317119
10027546045317119
1742822687048204287
1742822687048204287
1742822687048204287
1742822687048204287
10027546045317119
10027546045317119
10027546045317119
10027546045317119
12420083347357695
12420083347357695
12420083347357695
12420083347357695
9042383626829823
9042383626829823
9042383626829823
9042383626829823
12420083347357695
12420083347357695
12420083347357695
12420083347357695
9042383626829823
9042383626829823
9042383626829823
9042383626829823
18446744073709551615
18446744073709551615
18446744073709551615
9151314442816847871
9364109525210103807
9364109525210103807
14636698788954111
14636698788954111
13690942867206307839
13690942867206307839
4359484439294640127
4359484439294640127
9364109525210103807
9364109525210103807
14636698788954111
14636698788954111
9367205749953921023
9367205749953921023
35747322042253311
17732923532771327
9354680113490296831
9354680113490296831
5207287069147135
5207287069147135
9358198550699180031
9358198550699180031
8725724278030335
8725724278030335
9354680113490296831
9354680113490296831
5207287069147135
5207287069147135
18446744073709551615
9223372036854775807
18446744073709551615
9151314442816847871
140737488355327999
140737488355327999
14636698788954111
14636698788954111
4467570830351532031
4467570830351532031
4359484439294640127
4359484439294640127
140737488355327999
140737488355327999
14636698788954111
14636698788954111
143833713099145215
143833713099145215
35747322042253311
17732923532771327
131308076635521023
131308076635521023
5207287069147135
5207287069147135
134826513844404223
134826513844404223
8725724278030335
8725724278030335
131308076635521023
131308076635521023
5207287069147135
5207287069147135
18446744073709551615
9132737094353944575
18446744073709551615
9132737094353944575
492581209243647
492581209243647
492581209243647
492581209243647
4331829522832818175
4331829522832818175
4331829522832818175
4331829522832818175
492581209243647
492581209243647
492581209243647
492581209243647
35606584553897983
17029236090994687
35606584553897983
17029236090994687
70368744177663
70368744177663
70368744177663
70368744177663
7951668092076031
7951668092076031
7951668092076031
7951668092076031
70368744177663
70368744177663
70368744177663
70368744177663
18446744073709551615
9132737094353944575
18446744073709551615
9132737094353944575
492581209243647
492581209243647
492581209243647
492581209243647
4331829522832818175
4331829522832818175
4331829522832818175
4331829522832818175
492581209243647
492581209243647
492581209243647
492581209243647
35606584553897983
17029236090994687
35606584553897983
17029236090994687
70368744177663
70368744177663
70368744177663
70368744177663
7951668092076031
7951668092076031
7951668092076031
7951668092076031
70368744177663
70368744177663
70368744177663
70368744177663
11096869481840902143
11096869481840902143
1765411053929234431
1765411053929234431
9364109525210103807
9364109525210103807
14636698788954111
14636698788954111
11096869481840902143
11096869481840902143
1765411053929234431
1765411053929234431
9364109525210103807
9364109525210103807
14636698788954111
14636698788954111
9358198550699180031
9358198550699180031
8725724278030335
8725724278030335
9354680113490296831
9354680113490296831
5207287069147135
5207287069147135
9358198550699180031
9358198550699180031
8725724278030335
8725724278030335
9354680113490296831
9354680113490296831
5207287069147135
5207287069147135
1873497444986126335
1873497444986126335
1765411053929234431
1765411053929234431
140737488355327999
140737488355327999
14636698788954111
14636698788954111
1873497444986126335
1873497444986126335
1765411053929234431
1765411053929234431
140737488355327999
140737488355327999
14636698788954111
14636698788954111
134826513844404223
134826513844404223
8725724278030335
8725724278030335
131308076635521023
131308076635521023
5207287069147135
5207287069147135
134826513844404223
134826513844404223
8725724278030335
8725724278030335
131308076635521023
131308076635521023
5207287069147135
5207287069147135
1733252537840041983
1733252537840041983
1733252537840041983
1733252537840041983
457396837154815
457396837154815
457396837154815
457396837154815
1733252537840041983
1733252537840041983
1733252537840041983
1733252537840041983
457396837154815
457396837154815
457396837154815
457396837154815
3412884092616703
3412884092616703
3412884092616703
3412884092616703
35184372088831
35184372088831
35184372088831
35184372088831
3412884092616703
3412884092616703
3412884092616703
3412884092616703
35184372088831
35184372088831
35184372088831
35184372088831
1733252537840041983
1733252537840041983
1733252537840041983
1733252537840041983
457396837154815
457396837154815
457396837154815
457396837154815
1733252537840041983
1733252537840041983
1733252537840041983
1733252537840041983
457396837154815
457396837154815
457396837154815
457396837154815
3412884092616703
3412884092616703
3412884092616703
3412884092616703
35184372088831
35184372088831
35184372088831
35184372088831
3412884092616703
3412884092616703
3412884092616703
3412884092616703
35184372088831
35184372088831
35184372088831
35184372088831
