18446744073709551615
18446744073709551615
18446744073709551615
18446744073709551615
16426879640833884159
16426879640833884159
16426879640833884159
16426879640833884159
18446744073709551615
18446744073709551615
18446744073709551615
18446744073709551615
16246735655739064319
16246735655739064319
16246735655739064319
16246735655739064319
16428849965670858751
16428849965670858751
16428849965670858751
16428849965670858751
16426457428368818175
16426457428368818175
16426457428368818175
16426457428368818175
16356792371632930815
16356792371632930815
16356792371632930815
16356792371632930815
16174255849236070399
16174255849236070399
16174255849236070399
16174255849236070399
18158513697557839871
18158513697557839871
18158513697557839871
18158513697557839871
16426879640833884159
16426879640833884159
16426879640833884159
16426879640833884159
18158513697557839871
18158513697557839871
18158513697557839871
18158513697557839871
16246735655739064319
16246735655739064319
16246735655739064319
16246735655739064319
16428849965670858751
16428849965670858751
16428849965670858751
16428849965670858751
16426457428368818175
16426457428368818175
16426457428368818175
16426457428368818175
16356792371632930815
16356792371632930815
16356792371632930815
16356792371632930815
16174255849236070399
16174255849236070399
16174255849236070399
16174255849236070399
18446744073709551615
18446744073709551615
18266529719870554111
18266529719870554111
13935192778246979583
13935192778246979583
13935192778246979583
13935192778246979583
18446744073709551615
18446744073709551615
18266529719870554111
18266529719870554111
13935192778246979583
13935192778246979583
13935192778246979583
13935192778246979583
13870664639836061695
13870101689882640383
13870031321138462719
13870031321138462719
13862150021790564351
13862150021790564351
13862150021790564351
13862150021790564351
13870664639836061695
13870101689882640383
13870031321138462719
13870031321138462719
13862150021790564351
13862150021790564351
13862150021790564351
13862150021790564351
15667952734877777919
15667952734877777919
15667952734877777919
15667952734877777919
13935192778246979583
13935192778246979583
13935192778246979583
13935192778246979583
15667952734877777919
15667952734877777919
15667952734877777919
15667952734877777919
13935192778246979583
13935192778246979583
13935192778246979583
13935192778246979583
13865527721511092223
13865527721511092223
13865527721511092223
13865527721511092223
13862150021790564351
13862150021790564351
13862150021790564351
13862150021790564351
13865527721511092223
13865527721511092223
13865527721511092223
13865527721511092223
13862150021790564351
13862150021790564351
13862150021790564351
13862150021790564351
18446744073709551615
18446744073709551615
18446744073709551615
18446744073709551615
7203507603979108351
7203507603979108351
7203507603979108351
7203507603979108351
18446744073709551615
18446744073709551615
18446744073709551615
18446744073709551615
7023363618884288511
7023363618884288511
7023363618884288511
7023363618884288511
2593791910388695039
2593791910388695039
2593791910388695039
2593791910388695039
2591399373086654463
2591399373086654463
2591399373086654463
2591399373086654463
2521734316350767103
2521734316350767103
2521734316350767103
2521734316350767103
2339197793953906687
2339197793953906687
2339197793953906687
2339197793953906687
18158513697557839871
18158513697557839871
18158513697557839871
18158513697557839871
7203507603979108351
7203507603979108351
7203507603979108351
7203507603979108351
18086456103519911935
18086456103519911935
18086456103519911935
18086456103519911935
6951306024846360575
6951306024846360575
6951306024846360575
6951306024846360575
2593791910388695039
2593791910388695039
2593791910388695039
2593791910388695039
2591399373086654463
2591399373086654463
2591399373086654463
2591399373086654463
2521734316350767103
2521734316350767103
2521734316350767103
2521734316350767103
2339197793953906687
2339197793953906687
2339197793953906687
2339197793953906687
18446744073709551615
9151314442816847871
4359414070550462463
4359414070550462463
28077128926887935
28077128926887935
28077128926887935
28077128926887935
18446744073709551615
9151314442816847871
4359414070550462463
4359414070550462463
28077128926887935
28077128926887935
28077128926887935
28077128926887935
35606584553897983
35043634600476671
34973265856299007
34973265856299007
27091966508400639
27091966508400639
27091966508400639
27091966508400639
35606584553897983
35043634600476671
34973265856299007
34973265856299007
27091966508400639
27091966508400639
27091966508400639
27091966508400639
1760837085557686271
1760837085557686271
1760837085557686271
1760837085557686271
28077128926887935
28077128926887935
28077128926887935
28077128926887935
1760837085557686271
1760837085557686271
1760837085557686271
1760837085557686271
28077128926887935
28077128926887935
28077128926887935
28077128926887935
30469666228928511
30469666228928511
30469666228928511
30469666228928511
27091966508400639
27091966508400639
27091966508400639
27091966508400639
30469666228928511
30469666228928511
30469666228928511
30469666228928511
27091966508400639
27091966508400639
27091966508400639
27091966508400639
18446744073709551615
18446744073709551615
13835058055282163711
13835058055282163711
9509350613192802303
9509350613192802303
9509350613192802303
9509350613192802303
18446744073709551615
9151314442816847871
4359484439294640127
4359484439294640127
15762598695796735
15762598695796735
15762598695796735
15762598695796735
9511320938029776895
9511320938029776895
9502313738775035903
9502313738775035903
9499921201472995327
9499921201472995327
9499921201472995327
9499921201472995327
35747322042253311
17732923532771327
8725724278030335
8725724278030335
6333186975989759
6333186975989759
6333186975989759
6333186975989759
11240984669916758015
11240984669916758015
11240984669916758015
11240984669916758015
9509350613192802303
9509350613192802303
9509350613192802303
9509350613192802303
1765411053929234431
1765411053929234431
1765411053929234431
1765411053929234431
15762598695796735
15762598695796735
15762598695796735
15762598695796735
9502313738775035903
9502313738775035903
9502313738775035903
9502313738775035903
9499921201472995327
9499921201472995327
9499921201472995327
9499921201472995327
8725724278030335
8725724278030335
8725724278030335
8725724278030335
6333186975989759
6333186975989759
6333186975989759
6333186975989759
18446744073709551615
9132737094353944575
4331829522832818175
4331829522832818175
492581209243647
492581209243647
492581209243647
492581209243647
18446744073709551615
9132737094353944575
4331829522832818175
4331829522832818175
492581209243647
492581209243647
492581209243647
492581209243647
35606584553897983
17029236090994687
7951668092076031
7951668092076031
70368744177663
70368744177663
70368744177663
70368744177663
35606584553897983
17029236090994687
7951668092076031
7951668092076031
70368744177663
70368744177663
70368744177663
70368744177663
1733252537840041983
1733252537840041983
1733252537840041983
1733252537840041983
492581209243647
492581209243647
492581209243647
492581209243647
1733252537840041983
1733252537840041983
1733252537840041983
1733252537840041983
492581209243647
492581209243647
492581209243647
492581209243647
3448068464705535
3448068464705535
3448068464705535
3448068464705535
70368744177663
70368744177663
70368744177663
70368744177663
3448068464705535
3448068464705535
3448068464705535
3448068464705535
70368744177663
70368744177663
70368744177663
70368744177663
18446744073709551615
9223372036854775807
4611686018427387903
4611686018427387903
285978576338026495
285978576338026495
285978576338026495
285978576338026495
18446744073709551615
9151314442816847871
4359484439294640127
4359484439294640127
15762598695796735
15762598695796735
15762598695796735
15762598695796735
287948901175001087
287948901175001087
278941701920260095
278941701920260095
276549164618219519
276549164618219519
276549164618219519
276549164618219519
35747322042253311
17732923532771327
8725724278030335
8725724278030335
6333186975989759
6333186975989759
6333186975989759
6333186975989759
2017612633061982207
2017612633061982207
2017612633061982207
2017612633061982207
285978576338026495
285978576338026495
285978576338026495
285978576338026495
1765411053929234431
1765411053929234431
1765411053929234431
1765411053929234431
15762598695796735
15762598695796735
15762598695796735
15762598695796735
278941701920260095
278941701920260095
278941701920260095
278941701920260095
276549164618219519
276549164618219519
276549164618219519
276549164618219519
8725724278030335
8725724278030335
8725724278030335
8725724278030335
6333186975989759
6333186975989759
6333186975989759
6333186975989759
18446744073709551615
9132737094353944575
4331829522832818175
4331829522832818175
492581209243647
492581209243647
492581209243647
492581209243647
18446744073709551615
9132737094353944575
4331829522832818175
4331829522832818175
492581209243647
492581209243647
492581209243647
492581209243647
35606584553897983
17029236090994687
7951668092076031
7951668092076031
70368744177663
70368744177663
70368744177663
70368744177663
35606584553897983
17029236090994687
7951668092076031
7951668092076031
70368744177663
70368744177663
70368744177663
70368744177663
1733252537840041983
1733252537840041983
1733252537840041983
1733252537840041983
492581209243647
492581209243647
492581209243647
492581209243647
1733252537840041983
1733252537840041983
1733252537840041983
1733252537840041983
492581209243647
492581209243647
492581209243647
492581209243647
3448068464705535
3448068464705535
3448068464705535
3448068464705535
70368744177663
70368744177663
70368744177663
70368744177663
3448068464705535
3448068464705535
3448068464705535
3448068464705535
70368744177663
70368744177663
70368744177663
70368744177663
