18446744073709551615
18446744073709551615
18446744073709551615
18446744073709551615
18446744073709551615
9151314442816847871
4395513236313604095
4395513236313604095
18374686479671623679
18374686479671623679
18374686479671623679
18374686479671623679
1801439850948198399
1801439850948198399
1801439850948198399
1801439850948198399
2521734316350767103
2521734316350767103
2521734316350767103
2521734316350767103
71776119061217279
53761720551735295
44754521296994303
44754521296994303
2521734316350767103
2521734316350767103
2521734316350767103
2521734316350767103
44754521296994303
44754521296994303
44754521296994303
44754521296994303
7349874591868649471
7349874591868649471
7349874591868649471
7349874591868649471
54043195528445951
54043195528445951
54043195528445951
54043195528445951
7277816997830721535
7277816997830721535
7277816997830721535
7277816997830721535
54043195528445951
54043195528445951
54043195528445951
54043195528445951
2375226590972870655
2375226590972870655
2375226590972870655
2375226590972870655
42361983994953727
42361983994953727
42361983994953727
42361983994953727
2375226590972870655
2375226590972870655
2375226590972870655
2375226590972870655
42361983994953727
42361983994953727
42361983994953727
42361983994953727
18446744073709551615
9151314442816847871
4359484439294640127
4359484439294640127
18446744073709551615
9132737094353944575
4331899891576995839
4331899891576995839
2049137830453575679
2049137830453575679
2049137830453575679
2049137830453575679
1733322906584219647
1733322906584219647
1733322906584219647
1733322906584219647
35606584553897983
35043634600476671
35043634600476671
35043634600476671
35606584553897983
17029236090994687
8022036836253695
8022036836253695
30540034973106175
30540034973106175
30540034973106175
30540034973106175
3518437208883199
3518437208883199
3518437208883199
3518437208883199
318629673636462591
318629673636462591
318629673636462591
318629673636462591
2814749767106559
2814749767106559
2814749767106559
2814749767106559
318629673636462591
318629673636462591
318629673636462591
318629673636462591
2814749767106559
2814749767106559
2814749767106559
2814749767106559
27162335252578303
27162335252578303
27162335252578303
27162335252578303
140737488355327
140737488355327
140737488355327
140737488355327
27162335252578303
27162335252578303
27162335252578303
27162335252578303
140737488355327
140737488355327
140737488355327
140737488355327
0
0
0
0
0
0
0
0
0
0
0
0
0
0
0
0
0
0
0
0
0
0
0
0
0
0
0
0
0
0
0
0
0
0
0
0
0
0
0
0
0
0
0
0
0
0
0
0
0
0
0
0
0
0
0
0
0
0
0
0
0
0
0
0
0
0
0
0
0
0
0
0
0
0
0
0
0
0
0
0
0
0
0
0
0
0
0
0
0
0
0
0
0
0
0
0
0
0
0
0
0
0
0
0
0
0
0
0
0
0
0
0
0
0
0
0
0
0
0
0
0
0
0
0
0
0
0
0
0
0
0
0
0
0
0
0
0
0
0
0
0
0
0
0
0
0
0
0
0
0
0
0
0
0
0
0
0
0
0
0
0
0
0
0
0
0
0
0
0
0
0
0
0
0
0
0
0
0
0
0
0
0
0
0
0
0
0
0
0
0
0
0
0
0
0
0
0
0
0
0
0
0
0
0
0
0
0
0
0
0
0
0
0
0
0
0
0
0
0
0
0
0
0
0
0
0
0
0
0
0
0
0
0
0
0
0
0
0
0
0
0
0
0
0
0
0
0
0
0
0
0
0
0
0
0
0
0
0
0
0
0
0
0
0
0
0
0
0
0
0
0
0
0
0
0
0
0
0
0
0
0
0
0
0
0
0
0
0
0
0
0
0
0
0
0
0
0
0
0
0
0
0
0
0
0
0
0
0
0
0
0
0
0
0
0
0
0
0
0
0
0
0
0
0
0
0
0
0
0
0
0
0
0
0
0
0
0
0
0
0
0
0
0
0
0
0
0
0
0
0
0
0
0
0
0
0
0
0
0
0
0
0
0
0
0
0
0
0
0
0
0
0
0
0
0
0
0
0
0
0
0
0
0
0
