9259542118978846848
9259542118978813952
36169811532709888
36169811532709888
141285105107072
141285105074176
141014513745920
141014513745920
36170077829103744
36170077829070848
9259541848387485696
9259541848387485696
141280810139776
141280810106880
141014513745920
141014513745920
9259542106093944960
9259542106093912064
36169811532709888
36169811532709888
141272220205184
141272220172288
141014513745920
141014513745920
36170069239169152
36170069239136256
9259541848387485696
9259541848387485696
141272220205184
141272220172288
141014513745920
141014513745920
9259542088914075776
9259542088914042880
36169811532709888
36169811532709888
141255040336000
141255040303104
141014513745920
141014513745920
36170052059299968
36170052059267072
9259541848387485696
9259541848387485696
141255040336000
141255040303104
141014513745920
141014513745920
9259542088914075776
9259542088914042880
36169811532709888
36169811532709888
141255040336000
141255040303104
141014513745920
141014513745920
36170052059299968
36170052059267072
9259541848387485696
9259541848387485696
141255040336000
141255040303104
141014513745920
141014513745920
9259542054554337408
9259542054554304512
36169811532709888
36169811532709888
141220680597632
141220680564736
141014513745920
141014513745920
36170017699561600
36170017699528704
9259541848387485696
9259541848387485696
141220680597632
141220680564736
141014513745920
141014513745920
9259542054554337408
9259542054554304512
36169811532709888
36169811532709888
141220680597632
141220680564736
141014513745920
141014513745920
36170017699561600
36170017699528704
9259541848387485696
9259541848387485696
141220680597632
141220680564736
141014513745920
141014513745920
9259542054554337408
9259542054554304512
36169811532709888
36169811532709888
141220680597632
141220680564736
141014513745920
141014513745920
36170017699561600
36170017699528704
9259541848387485696
9259541848387485696
141220680597632
141220680564736
141014513745920
141014513745920
9259542054554337408
9259542054554304512
36169811532709888
36169811532709888
141220680597632
141220680564736
141014513745920
141014513745920
36170017699561600
36170017699528704
9259541848387485696
9259541848387485696
141220680597632
141220680564736
141014513745920
141014513745920
9259541985834860672
9259541985834827776
36169811532709888
36169811532709888
141151961120896
141151961088000
141014513745920
141014513745920
36169948980084864
36169948980051968
9259541848387485696
9259541848387485696
141151961120896
141151961088000
141014513745920
141014513745920
9259541985834860672
9259541985834827776
36169811532709888
36169811532709888
141151961120896
141151961088000
141014513745920
141014513745920
36169948980084864
36169948980051968
9259541848387485696
9259541848387485696
141151961120896
141151961088000
141014513745920
141014513745920
9259541985834860672
9259541985834827776
36169811532709888
36169811532709888
141151961120896
141151961088000
141014513745920
141014513745920
36169948980084864
36169948980051968
9259541848387485696
9259541848387485696
141151961120896
141151961088000
141014513745920
141014513745920
9259541985834860672
9259541985834827776
36169811532709888
36169811532709888
141151961120896
141151961088000
141014513745920
141014513745920
36169948980084864
36169948980051968
9259541848387485696
9259541848387485696
141151961120896
141151961088000
141014513745920
141014513745920
9259541985834860672
9259541985834827776
36169811532709888
36169811532709888
141151961120896
141151961088000
141014513745920
141014513745920
36169948980084864
36169948980051968
9259541848387485696
9259541848387485696
141151961120896
141151961088000
141014513745920
141014513745920
9259541985834860672
9259541985834827776
36169811532709888
36169811532709888
141151961120896
141151961088000
141014513745920
141014513745920
36169948980084864
36169948980051968
9259541848387485696
9259541848387485696
141151961120896
141151961088000
141014513745920
141014513745920
9259541985834860672
9259541985834827776
36169811532709888
36169811532709888
141151961120896
141151961088000
141014513745920
141014513745920
36169948980084864
36169948980051968
9259541848387485696
9259541848387485696
141151961120896
141151961088000
141014513745920
141014513745920
9259541985834860672
9259541985834827776
36169811532709888
36169811532709888
141151961120896
141151961088000
141014513745920
141014513745920
36169948980084864
36169948980051968
9259541848387485696
9259541848387485696
141151961120896
141151961088000
141014513745920
141014513745920
9259541848395907200
9259541848395874304
9259542118970425344
9259542118970425344
141014522167424
141014522134528
141285096685568
141285096685568
36169811541131392
36169811541098496
36170077820682240
36170077820682240
141014522167424
141014522134528
141280801718272
141280801718272
9259541848395907200
9259541848395874304
9259542106085523456
9259542106085523456
141014522167424
141014522134528
141272211783680
141272211783680
36169811541131392
36169811541098496
36170069230747648
36170069230747648
141014522167424
141014522134528
141272211783680
141272211783680
9259541848395907200
9259541848395874304
9259542088905654272
9259542088905654272
141014522167424
141014522134528
141255031914496
141255031914496
36169811541131392
36169811541098496
36170052050878464
36170052050878464
141014522167424
141014522134528
141255031914496
141255031914496
9259541848395907200
9259541848395874304
9259542088905654272
9259542088905654272
141014522167424
141014522134528
141255031914496
141255031914496
36169811541131392
36169811541098496
36170052050878464
36170052050878464
141014522167424
141014522134528
141255031914496
141255031914496
9259541848395907200
9259541848395874304
9259542054545915904
9259542054545915904
141014522167424
141014522134528
141220672176128
141220672176128
36169811541131392
36169811541098496
36170017691140096
36170017691140096
141014522167424
141014522134528
141220672176128
141220672176128
9259541848395907200
9259541848395874304
9259542054545915904
9259542054545915904
141014522167424
141014522134528
141220672176128
141220672176128
36169811541131392
36169811541098496
36170017691140096
36170017691140096
141014522167424
141014522134528
141220672176128
141220672176128
9259541848395907200
9259541848395874304
9259542054545915904
9259542054545915904
141014522167424
141014522134528
141220672176128
141220672176128
36169811541131392
36169811541098496
36170017691140096
36170017691140096
141014522167424
141014522134528
141220672176128
141220672176128
9259541848395907200
9259541848395874304
9259542054545915904
9259542054545915904
141014522167424
141014522134528
141220672176128
141220672176128
36169811541131392
36169811541098496
36170017691140096
36170017691140096
141014522167424
141014522134528
141220672176128
141220672176128
9259541848395907200
9259541848395874304
9259541985826439168
9259541985826439168
141014522167424
141014522134528
141151952699392
141151952699392
36169811541131392
36169811541098496
36169948971663360
36169948971663360
141014522167424
141014522134528
141151952699392
141151952699392
9259541848395907200
9259541848395874304
9259541985826439168
9259541985826439168
141014522167424
141014522134528
141151952699392
141151952699392
36169811541131392
36169811541098496
36169948971663360
36169948971663360
141014522167424
141014522134528
141151952699392
141151952699392
9259541848395907200
9259541848395874304
9259541985826439168
9259541985826439168
141014522167424
141014522134528
141151952699392
141151952699392
36169811541131392
36169811541098496
36169948971663360
36169948971663360
141014522167424
141014522134528
141151952699392
141151952699392
9259541848395907200
9259541848395874304
9259541985826439168
9259541985826439168
141014522167424
141014522134528
141151952699392
141151952699392
36169811541131392
36169811541098496
36169948971663360
36169948971663360
141014522167424
141014522134528
141151952699392
141151952699392
9259541848395907200
9259541848395874304
9259541985826439168
9259541985826439168
141014522167424
141014522134528
141151952699392
141151952699392
36169811541131392
36169811541098496
36169948971663360
36169948971663360
141014522167424
141014522134528
141151952699392
141151952699392
9259541848395907200
9259541848395874304
9259541985826439168
9259541985826439168
141014522167424
141014522134528
141151952699392
141151952699392
36169811541131392
36169811541098496
36169948971663360
36169948971663360
141014522167424
141014522134528
141151952699392
141151952699392
9259541848395907200
9259541848395874304
9259541985826439168
9259541985826439168
141014522167424
141014522134528
141151952699392
141151952699392
36169811541131392
36169811541098496
36169948971663360
36169948971663360
141014522167424
141014522134528
141151952699392
141151952699392
9259541848395907200
9259541848395874304
9259541985826439168
9259541985826439168
141014522167424
141014522134528
141151952699392
141151952699392
36169811541131392
36169811541098496
36169948971663360
36169948971663360
141014522167424
141014522134528
141151952699392
141151952699392
9259542118978846720
9259542118978813952
9259541848387485696
9259541848387485696
141285105106944
141285105074176
141014513745920
141014513745920
36170077829103616
36170077829070848
36169811532709888
36169811532709888
141280810139648
141280810106880
141014513745920
141014513745920
9259542106093944832
9259542106093912064
9259541848387485696
9259541848387485696
141272220205056
141272220172288
141014513745920
141014513745920
36170069239169024
36170069239136256
36169811532709888
36169811532709888
141272220205056
141272220172288
141014513745920
141014513745920
9259542088914075648
9259542088914042880
9259541848387485696
9259541848387485696
141255040335872
141255040303104
141014513745920
141014513745920
36170052059299840
36170052059267072
36169811532709888
36169811532709888
141255040335872
141255040303104
141014513745920
141014513745920
9259542088914075648
9259542088914042880
9259541848387485696
9259541848387485696
141255040335872
141255040303104
141014513745920
141014513745920
36170052059299840
36170052059267072
36169811532709888
36169811532709888
141255040335872
141255040303104
141014513745920
141014513745920
9259542054554337280
9259542054554304512
9259541848387485696
9259541848387485696
141220680597504
141220680564736
141014513745920
141014513745920
36170017699561472
36170017699528704
36169811532709888
36169811532709888
141220680597504
141220680564736
141014513745920
141014513745920
9259542054554337280
9259542054554304512
9259541848387485696
9259541848387485696
141220680597504
141220680564736
141014513745920
141014513745920
36170017699561472
36170017699528704
36169811532709888
36169811532709888
141220680597504
141220680564736
141014513745920
141014513745920
9259542054554337280
9259542054554304512
9259541848387485696
9259541848387485696
141220680597504
141220680564736
141014513745920
141014513745920
36170017699561472
36170017699528704
36169811532709888
36169811532709888
141220680597504
141220680564736
141014513745920
141014513745920
9259542054554337280
9259542054554304512
9259541848387485696
9259541848387485696
141220680597504
141220680564736
141014513745920
141014513745920
36170017699561472
36170017699528704
36169811532709888
36169811532709888
141220680597504
141220680564736
141014513745920
141014513745920
9259541985834860544
9259541985834827776
9259541848387485696
9259541848387485696
141151961120768
141151961088000
141014513745920
141014513745920
36169948980084736
36169948980051968
36169811532709888
36169811532709888
141151961120768
141151961088000
141014513745920
141014513745920
9259541985834860544
9259541985834827776
9259541848387485696
9259541848387485696
141151961120768
141151961088000
141014513745920
141014513745920
36169948980084736
36169948980051968
36169811532709888
36169811532709888
141151961120768
141151961088000
141014513745920
141014513745920
9259541985834860544
9259541985834827776
9259541848387485696
9259541848387485696
141151961120768
141151961088000
141014513745920
141014513745920
36169948980084736
36169948980051968
36169811532709888
36169811532709888
141151961120768
141151961088000
141014513745920
141014513745920
9259541985834860544
9259541985834827776
9259541848387485696
9259541848387485696
141151961120768
141151961088000
141014513745920
141014513745920
36169948980084736
36169948980051968
36169811532709888
36169811532709888
141151961120768
141151961088000
141014513745920
141014513745920
9259541985834860544
9259541985834827776
9259541848387485696
9259541848387485696
141151961120768
141151961088000
141014513745920
141014513745920
36169948980084736
36169948980051968
36169811532709888
36169811532709888
141151961120768
141151961088000
141014513745920
141014513745920
9259541985834860544
9259541985834827776
9259541848387485696
9259541848387485696
141151961120768
141151961088000
141014513745920
141014513745920
36169948980084736
36169948980051968
36169811532709888
36169811532709888
141151961120768
141151961088000
141014513745920
141014513745920
9259541985834860544
9259541985834827776
9259541848387485696
9259541848387485696
141151961120768
141151961088000
141014513745920
141014513745920
36169948980084736
36169948980051968
36169811532709888
36169811532709888
141151961120768
141151961088000
141014513745920
141014513745920
9259541985834860544
9259541985834827776
9259541848387485696
9259541848387485696
141151961120768
141151961088000
141014513745920
141014513745920
36169948980084736
36169948980051968
36169811532709888
36169811532709888
141151961120768
141151961088000
141014513745920
141014513745920
9259541848395907072
9259541848395874304
9259542118970425344
9259542118970425344
141014522167296
141014522134528
141285096685568
141285096685568
36169811541131264
36169811541098496
36170077820682240
36170077820682240
141014522167296
141014522134528
141280801718272
141280801718272
9259541848395907072
9259541848395874304
9259542106085523456
9259542106085523456
141014522167296
141014522134528
141272211783680
141272211783680
36169811541131264
36169811541098496
36170069230747648
36170069230747648
141014522167296
141014522134528
141272211783680
141272211783680
9259541848395907072
9259541848395874304
9259542088905654272
9259542088905654272
141014522167296
141014522134528
141255031914496
141255031914496
36169811541131264
36169811541098496
36170052050878464
36170052050878464
141014522167296
141014522134528
141255031914496
141255031914496
9259541848395907072
9259541848395874304
9259542088905654272
9259542088905654272
141014522167296
141014522134528
141255031914496
141255031914496
36169811541131264
36169811541098496
36170052050878464
36170052050878464
141014522167296
141014522134528
141255031914496
141255031914496
9259541848395907072
9259541848395874304
9259542054545915904
9259542054545915904
141014522167296
141014522134528
141220672176128
141220672176128
36169811541131264
36169811541098496
36170017691140096
36170017691140096
141014522167296
141014522134528
141220672176128
141220672176128
9259541848395907072
9259541848395874304
9259542054545915904
9259542054545915904
141014522167296
141014522134528
141220672176128
141220672176128
36169811541131264
36169811541098496
36170017691140096
36170017691140096
141014522167296
141014522134528
141220672176128
141220672176128
9259541848395907072
9259541848395874304
9259542054545915904
9259542054545915904
141014522167296
141014522134528
141220672176128
141220672176128
36169811541131264
36169811541098496
36170017691140096
36170017691140096
141014522167296
141014522134528
141220672176128
141220672176128
9259541848395907072
9259541848395874304
9259542054545915904
9259542054545915904
141014522167296
141014522134528
141220672176128
141220672176128
36169811541131264
36169811541098496
36170017691140096
36170017691140096
141014522167296
141014522134528
141220672176128
141220672176128
9259541848395907072
9259541848395874304
9259541985826439168
9259541985826439168
141014522167296
141014522134528
141151952699392
141151952699392
36169811541131264
36169811541098496
36169948971663360
36169948971663360
141014522167296
141014522134528
141151952699392
141151952699392
9259541848395907072
9259541848395874304
9259541985826439168
9259541985826439168
141014522167296
141014522134528
141151952699392
141151952699392
36169811541131264
36169811541098496
36169948971663360
36169948971663360
141014522167296
141014522134528
141151952699392
141151952699392
9259541848395907072
9259541848395874304
9259541985826439168
9259541985826439168
141014522167296
141014522134528
141151952699392
141151952699392
36169811541131264
36169811541098496
36169948971663360
36169948971663360
141014522167296
141014522134528
141151952699392
141151952699392
9259541848395907072
9259541848395874304
9259541985826439168
9259541985826439168
141014522167296
141014522134528
141151952699392
141151952699392
36169811541131264
36169811541098496
36169948971663360
36169948971663360
141014522167296
141014522134528
141151952699392
141151952699392
9259541848395907072
9259541848395874304
9259541985826439168
9259541985826439168
141014522167296
141014522134528
141151952699392
141151952699392
36169811541131264
36169811541098496
36169948971663360
36169948971663360
141014522167296
141014522134528
141151952699392
141151952699392
9259541848395907072
9259541848395874304
9259541985826439168
9259541985826439168
141014522167296
141014522134528
141151952699392
141151952699392
36169811541131264
36169811541098496
36169948971663360
36169948971663360
141014522167296
141014522134528
141151952699392
141151952699392
9259541848395907072
9259541848395874304
9259541985826439168
9259541985826439168
141014522167296
141014522134528
141151952699392
141151952699392
36169811541131264
36169811541098496
36169948971663360
36169948971663360
141014522167296
141014522134528
141151952699392
141151952699392
9259541848395907072
9259541848395874304
9259541985826439168
9259541985826439168
141014522167296
141014522134528
141151952699392
141151952699392
36169811541131264
36169811541098496
36169948971663360
36169948971663360
141014522167296
141014522134528
141151952699392
141151952699392
36170082124071040
36170082124038144
9259541848387485696
9259541848387485696
141285105107072
141285105074176
141014513745920
141014513745920
9259542114683879552
9259542114683846656
36169811532709888
36169811532709888
141280810139776
141280810106880
141014513745920
141014513745920
36170069239169152
36170069239136256
9259541848387485696
9259541848387485696
141272220205184
141272220172288
141014513745920
141014513745920
9259542106093944960
9259542106093912064
36169811532709888
36169811532709888
141272220205184
141272220172288
141014513745920
141014513745920
36170052059299968
36170052059267072
9259541848387485696
9259541848387485696
141255040336000
141255040303104
141014513745920
141014513745920
9259542088914075776
9259542088914042880
36169811532709888
36169811532709888
141255040336000
141255040303104
141014513745920
141014513745920
36170052059299968
36170052059267072
9259541848387485696
9259541848387485696
141255040336000
141255040303104
141014513745920
141014513745920
9259542088914075776
9259542088914042880
36169811532709888
36169811532709888
141255040336000
141255040303104
141014513745920
141014513745920
36170017699561600
36170017699528704
9259541848387485696
9259541848387485696
141220680597632
141220680564736
141014513745920
141014513745920
9259542054554337408
9259542054554304512
36169811532709888
36169811532709888
141220680597632
141220680564736
141014513745920
141014513745920
36170017699561600
36170017699528704
9259541848387485696
9259541848387485696
141220680597632
141220680564736
141014513745920
141014513745920
9259542054554337408
9259542054554304512
36169811532709888
36169811532709888
141220680597632
141220680564736
141014513745920
141014513745920
36170017699561600
36170017699528704
9259541848387485696
9259541848387485696
141220680597632
141220680564736
141014513745920
141014513745920
9259542054554337408
9259542054554304512
36169811532709888
36169811532709888
141220680597632
141220680564736
141014513745920
141014513745920
36170017699561600
36170017699528704
9259541848387485696
9259541848387485696
141220680597632
141220680564736
141014513745920
141014513745920
9259542054554337408
9259542054554304512
36169811532709888
36169811532709888
141220680597632
141220680564736
141014513745920
141014513745920
36169948980084864
36169948980051968
9259541848387485696
9259541848387485696
141151961120896
141151961088000
141014513745920
141014513745920
9259541985834860672
9259541985834827776
36169811532709888
36169811532709888
141151961120896
141151961088000
141014513745920
141014513745920
36169948980084864
36169948980051968
9259541848387485696
9259541848387485696
141151961120896
141151961088000
141014513745920
141014513745920
9259541985834860672
9259541985834827776
36169811532709888
36169811532709888
141151961120896
141151961088000
141014513745920
141014513745920
36169948980084864
36169948980051968
9259541848387485696
9259541848387485696
141151961120896
141151961088000
141014513745920
141014513745920
9259541985834860672
9259541985834827776
36169811532709888
36169811532709888
141151961120896
141151961088000
141014513745920
141014513745920
36169948980084864
36169948980051968
9259541848387485696
9259541848387485696
141151961120896
141151961088000
141014513745920
141014513745920
9259541985834860672
9259541985834827776
36169811532709888
36169811532709888
141151961120896
141151961088000
141014513745920
141014513745920
36169948980084864
36169948980051968
9259541848387485696
9259541848387485696
141151961120896
141151961088000
141014513745920
141014513745920
9259541985834860672
9259541985834827776
36169811532709888
36169811532709888
141151961120896
141151961088000
141014513745920
141014513745920
36169948980084864
36169948980051968
9259541848387485696
9259541848387485696
141151961120896
141151961088000
141014513745920
141014513745920
9259541985834860672
9259541985834827776
36169811532709888
36169811532709888
141151961120896
141151961088000
141014513745920
141014513745920
36169948980084864
36169948980051968
9259541848387485696
9259541848387485696
141151961120896
141151961088000
141014513745920
141014513745920
9259541985834860672
9259541985834827776
36169811532709888
36169811532709888
141151961120896
141151961088000
141014513745920
141014513745920
36169948980084864
36169948980051968
9259541848387485696
9259541848387485696
141151961120896
141151961088000
141014513745920
141014513745920
9259541985834860672
9259541985834827776
36169811532709888
36169811532709888
141151961120896
141151961088000
141014513745920
141014513745920
36169811541131392
36169811541098496
36170082115649536
36170082115649536
141014522167424
141014522134528
141285096685568
141285096685568
9259541848395907200
9259541848395874304
9259542114675458048
9259542114675458048
141014522167424
141014522134528
141280801718272
141280801718272
36169811541131392
36169811541098496
36170069230747648
36170069230747648
141014522167424
141014522134528
141272211783680
141272211783680
9259541848395907200
9259541848395874304
9259542106085523456
9259542106085523456
141014522167424
141014522134528
141272211783680
141272211783680
36169811541131392
36169811541098496
36170052050878464
36170052050878464
141014522167424
141014522134528
141255031914496
141255031914496
9259541848395907200
9259541848395874304
9259542088905654272
9259542088905654272
141014522167424
141014522134528
141255031914496
141255031914496
36169811541131392
36169811541098496
36170052050878464
36170052050878464
141014522167424
141014522134528
141255031914496
141255031914496
9259541848395907200
9259541848395874304
9259542088905654272
9259542088905654272
141014522167424
141014522134528
141255031914496
141255031914496
36169811541131392
36169811541098496
36170017691140096
36170017691140096
141014522167424
141014522134528
141220672176128
141220672176128
9259541848395907200
9259541848395874304
9259542054545915904
9259542054545915904
141014522167424
141014522134528
141220672176128
141220672176128
36169811541131392
36169811541098496
36170017691140096
36170017691140096
141014522167424
141014522134528
141220672176128
141220672176128
9259541848395907200
9259541848395874304
9259542054545915904
9259542054545915904
141014522167424
141014522134528
141220672176128
141220672176128
36169811541131392
36169811541098496
36170017691140096
36170017691140096
141014522167424
141014522134528
141220672176128
141220672176128
9259541848395907200
9259541848395874304
9259542054545915904
9259542054545915904
141014522167424
141014522134528
141220672176128
141220672176128
36169811541131392
36169811541098496
36170017691140096
36170017691140096
141014522167424
141014522134528
141220672176128
141220672176128
9259541848395907200
9259541848395874304
9259542054545915904
9259542054545915904
141014522167424
141014522134528
141220672176128
141220672176128
36169811541131392
36169811541098496
36169948971663360
36169948971663360
141014522167424
141014522134528
141151952699392
141151952699392
9259541848395907200
9259541848395874304
9259541985826439168
9259541985826439168
141014522167424
141014522134528
141151952699392
141151952699392
36169811541131392
36169811541098496
36169948971663360
36169948971663360
141014522167424
141014522134528
141151952699392
141151952699392
9259541848395907200
9259541848395874304
9259541985826439168
9259541985826439168
141014522167424
141014522134528
141151952699392
141151952699392
36169811541131392
36169811541098496
36169948971663360
36169948971663360
141014522167424
141014522134528
141151952699392
141151952699392
9259541848395907200
9259541848395874304
9259541985826439168
9259541985826439168
141014522167424
141014522134528
141151952699392
141151952699392
36169811541131392
36169811541098496
36169948971663360
36169948971663360
141014522167424
141014522134528
141151952699392
141151952699392
9259541848395907200
9259541848395874304
9259541985826439168
9259541985826439168
141014522167424
141014522134528
141151952699392
141151952699392
36169811541131392
36169811541098496
36169948971663360
36169948971663360
141014522167424
141014522134528
141151952699392
141151952699392
9259541848395907200
9259541848395874304
9259541985826439168
9259541985826439168
141014522167424
141014522134528
141151952699392
141151952699392
36169811541131392
36169811541098496
36169948971663360
36169948971663360
141014522167424
141014522134528
141151952699392
141151952699392
9259541848395907200
9259541848395874304
9259541985826439168
9259541985826439168
141014522167424
141014522134528
141151952699392
141151952699392
36169811541131392
36169811541098496
36169948971663360
36169948971663360
141014522167424
141014522134528
141151952699392
141151952699392
9259541848395907200
9259541848395874304
9259541985826439168
9259541985826439168
141014522167424
141014522134528
141151952699392
141151952699392
36169811541131392
36169811541098496
36169948971663360
36169948971663360
141014522167424
141014522134528
141151952699392
141151952699392
9259541848395907200
9259541848395874304
9259541985826439168
9259541985826439168
141014522167424
141014522134528
141151952699392
141151952699392
36170082124070912
36170082124038144
36169811532709888
36169811532709888
141285105106944
141285105074176
141014513745920
141014513745920
9259542114683879424
9259542114683846656
9259541848387485696
9259541848387485696
141280810139648
141280810106880
141014513745920
141014513745920
36170069239169024
36170069239136256
36169811532709888
36169811532709888
141272220205056
141272220172288
141014513745920
141014513745920
9259542106093944832
9259542106093912064
9259541848387485696
9259541848387485696
141272220205056
141272220172288
141014513745920
141014513745920
36170052059299840
36170052059267072
36169811532709888
36169811532709888
141255040335872
141255040303104
141014513745920
141014513745920
9259542088914075648
9259542088914042880
9259541848387485696
9259541848387485696
141255040335872
141255040303104
141014513745920
141014513745920
36170052059299840
36170052059267072
36169811532709888
36169811532709888
141255040335872
141255040303104
141014513745920
141014513745920
9259542088914075648
9259542088914042880
9259541848387485696
9259541848387485696
141255040335872
141255040303104
141014513745920
141014513745920
36170017699561472
36170017699528704
36169811532709888
36169811532709888
141220680597504
141220680564736
141014513745920
141014513745920
9259542054554337280
9259542054554304512
9259541848387485696
9259541848387485696
141220680597504
141220680564736
141014513745920
141014513745920
36170017699561472
36170017699528704
36169811532709888
36169811532709888
141220680597504
141220680564736
141014513745920
141014513745920
9259542054554337280
9259542054554304512
9259541848387485696
9259541848387485696
141220680597504
141220680564736
141014513745920
141014513745920
36170017699561472
36170017699528704
36169811532709888
36169811532709888
141220680597504
141220680564736
141014513745920
141014513745920
9259542054554337280
9259542054554304512
9259541848387485696
9259541848387485696
141220680597504
141220680564736
141014513745920
141014513745920
36170017699561472
36170017699528704
36169811532709888
36169811532709888
141220680597504
141220680564736
141014513745920
141014513745920
9259542054554337280
9259542054554304512
9259541848387485696
9259541848387485696
141220680597504
141220680564736
141014513745920
141014513745920
36169948980084736
36169948980051968
36169811532709888
36169811532709888
141151961120768
141151961088000
141014513745920
141014513745920
9259541985834860544
9259541985834827776
9259541848387485696
9259541848387485696
141151961120768
141151961088000
141014513745920
141014513745920
36169948980084736
36169948980051968
36169811532709888
36169811532709888
141151961120768
141151961088000
141014513745920
141014513745920
9259541985834860544
9259541985834827776
9259541848387485696
9259541848387485696
141151961120768
141151961088000
141014513745920
141014513745920
36169948980084736
36169948980051968
36169811532709888
36169811532709888
141151961120768
141151961088000
141014513745920
141014513745920
9259541985834860544
9259541985834827776
9259541848387485696
9259541848387485696
141151961120768
141151961088000
141014513745920
141014513745920
36169948980084736
36169948980051968
36169811532709888
36169811532709888
141151961120768
141151961088000
141014513745920
141014513745920
9259541985834860544
9259541985834827776
9259541848387485696
9259541848387485696
141151961120768
141151961088000
141014513745920
141014513745920
36169948980084736
36169948980051968
36169811532709888
36169811532709888
141151961120768
141151961088000
141014513745920
141014513745920
9259541985834860544
9259541985834827776
9259541848387485696
9259541848387485696
141151961120768
141151961088000
141014513745920
141014513745920
36169948980084736
36169948980051968
36169811532709888
36169811532709888
141151961120768
141151961088000
141014513745920
141014513745920
9259541985834860544
9259541985834827776
9259541848387485696
9259541848387485696
141151961120768
141151961088000
141014513745920
141014513745920
36169948980084736
36169948980051968
36169811532709888
36169811532709888
141151961120768
141151961088000
141014513745920
141014513745920
9259541985834860544
9259541985834827776
9259541848387485696
9259541848387485696
141151961120768
141151961088000
141014513745920
141014513745920
36169948980084736
36169948980051968
36169811532709888
36169811532709888
141151961120768
141151961088000
141014513745920
141014513745920
9259541985834860544
9259541985834827776
9259541848387485696
9259541848387485696
141151961120768
141151961088000
141014513745920
141014513745920
36169811541131264
36169811541098496
36170082115649536
36170082115649536
141014522167296
141014522134528
141285096685568
141285096685568
9259541848395907072
9259541848395874304
9259542114675458048
9259542114675458048
141014522167296
141014522134528
141280801718272
141280801718272
36169811541131264
36169811541098496
36170069230747648
36170069230747648
141014522167296
141014522134528
141272211783680
141272211783680
9259541848395907072
9259541848395874304
9259542106085523456
9259542106085523456
141014522167296
141014522134528
141272211783680
141272211783680
36169811541131264
36169811541098496
36170052050878464
36170052050878464
141014522167296
141014522134528
141255031914496
141255031914496
9259541848395907072
9259541848395874304
9259542088905654272
9259542088905654272
141014522167296
141014522134528
141255031914496
141255031914496
36169811541131264
36169811541098496
36170052050878464
36170052050878464
141014522167296
141014522134528
141255031914496
141255031914496
9259541848395907072
9259541848395874304
9259542088905654272
9259542088905654272
141014522167296
141014522134528
141255031914496
141255031914496
36169811541131264
36169811541098496
36170017691140096
36170017691140096
141014522167296
141014522134528
141220672176128
141220672176128
9259541848395907072
9259541848395874304
9259542054545915904
9259542054545915904
141014522167296
141014522134528
141220672176128
141220672176128
36169811541131264
36169811541098496
36170017691140096
36170017691140096
141014522167296
141014522134528
141220672176128
141220672176128
9259541848395907072
9259541848395874304
9259542054545915904
9259542054545915904
141014522167296
141014522134528
141220672176128
141220672176128
36169811541131264
36169811541098496
36170017691140096
36170017691140096
141014522167296
141014522134528
141220672176128
141220672176128
9259541848395907072
9259541848395874304
9259542054545915904
9259542054545915904
141014522167296
141014522134528
141220672176128
141220672176128
36169811541131264
36169811541098496
36170017691140096
36170017691140096
141014522167296
141014522134528
141220672176128
141220672176128
9259541848395907072
9259541848395874304
9259542054545915904
9259542054545915904
141014522167296
141014522134528
141220672176128
141220672176128
36169811541131264
36169811541098496
36169948971663360
36169948971663360
141014522167296
141014522134528
141151952699392
141151952699392
9259541848395907072
9259541848395874304
9259541985826439168
9259541985826439168
141014522167296
141014522134528
141151952699392
141151952699392
36169811541131264
36169811541098496
36169948971663360
36169948971663360
141014522167296
141014522134528
141151952699392
141151952699392
9259541848395907072
9259541848395874304
9259541985826439168
9259541985826439168
141014522167296
141014522134528
141151952699392
141151952699392
36169811541131264
36169811541098496
36169948971663360
36169948971663360
141014522167296
141014522134528
141151952699392
141151952699392
9259541848395907072
9259541848395874304
9259541985826439168
9259541985826439168
141014522167296
141014522134528
141151952699392
141151952699392
36169811541131264
36169811541098496
36169948971663360
36169948971663360
141014522167296
141014522134528
141151952699392
141151952699392
9259541848395907072
9259541848395874304
9259541985826439168
9259541985826439168
141014522167296
141014522134528
141151952699392
141151952699392
36169811541131264
36169811541098496
36169948971663360
36169948971663360
141014522167296
141014522134528
141151952699392
141151952699392
9259541848395907072
9259541848395874304
9259541985826439168
9259541985826439168
141014522167296
141014522134528
141151952699392
141151952699392
36169811541131264
36169811541098496
36169948971663360
36169948971663360
141014522167296
141014522134528
141151952699392
141151952699392
9259541848395907072
9259541848395874304
9259541985826439168
9259541985826439168
141014522167296
141014522134528
141151952699392
141151952699392
36169811541131264
36169811541098496
36169948971663360
36169948971663360
141014522167296
141014522134528
141151952699392
141151952699392
9259541848395907072
9259541848395874304
9259541985826439168
9259541985826439168
141014522167296
141014522134528
141151952699392
141151952699392
36169811541131264
36169811541098496
36169948971663360
36169948971663360
141014522167296
141014522134528
141151952699392
141151952699392
9259541848395907072
9259541848395874304
9259541985826439168
9259541985826439168
141014522167296
141014522134528
141151952699392
141151952699392
0
0
0
0
0
0
0
0
0
0
0
0
0
0
0
0
0
0
0
0
0
0
0
0
0
0
0
0
0
0
0
0
0
0
0
0
0
0
0
0
0
0
0
0
0
0
0
0
0
0
0
0
0
0
0
0
0
0
0
0
0
0
0
0
0
0
0
0
0
0
0
0
0
0
0
0
0
0
0
0
0
0
0
0
0
0
0
0
0
0
0
0
0
0
0
0
0
0
0
0
0
0
0
0
0
0
0
0
0
0
0
0
0
0
0
0
0
0
0
0
0
0
0
0
0
0
0
0
0
0
0
0
0
0
0
0
0
0
0
0
0
0
0
0
0
0
0
0
0
0
0
0
0
0
0
0
0
0
0
0
0
0
0
0
0
0
0
0
0
0
0
0
0
0
0
0
0
0
0
0
0
0
0
0
0
0
0
0
0
0
0
0
0
0
0
0
0
0
0
0
0
0
0
0
0
0
0
0
0
0
0
0
0
0
0
0
0
0
0
0
0
0
0
0
0
0
0
0
0
0
0
0
0
0
0
0
0
0
0
0
0
0
0
0
0
0
0
0
0
0
0
0
0
0
0
0
0
0
0
0
0
0
0
0
0
0
0
0
0
0
0
0
0
0
0
0
0
0
0
0
0
0
0
0
0
0
0
0
0
0
0
0
0
0
0
0
0
0
0
0
0
0
0
0
0
0
0
0
0
0
0
0
0
0
0
0
0
0
0
0
0
0
0
0
0
0
0
0
0
0
0
0
0
0
0
0
0
0
0
0
0
0
0
0
0
0
0
0
0
0
0
0
0
0
0
0
0
0
0
0
0
0
0
0
0
0
0
0
0
0
0
0
0
0
0
0
0
0
0
0
0
0
0
0
0
0
0
0
0
0
0
0
0
0
0
0
0
0
0
0
0
0
0
0
0
0
0
0
0
0
0
0
0
0
0
0
0
0
0
0
0
0
0
0
0
0
0
0
0
0
0
0
0
0
0
0
0
0
0
0
0
0
0
0
0
0
0
0
0
0
0
0
0
0
0
0
0
0
0
0
0
0
0
0
0
0
0
0
0
0
0
0
0
0
0
0
0
0
0
0
0
0
0
0
0
0
0
0
0
0
0
0
0
0
0
0
0
0
0
0
0
0
0
0
0
0
0
0
0
0
0
0
0
0
0
0
0
0
0
0
0
0
0
0
0
0
0
0
0
0
0
0
0
0
0
0
0
0
0
0
0
0
0
0
0
0
0
0
0
0
0
0
0
0
0
0
0
0
0
0
0
0
0
0
0
0
0
0
0
0
0
0
0
0
0
0
0
0
0
0
0
0
0
0
0
0
0
0
0
0
0
0
0
0
0
0
0
0
0
0
0
0
0
0
0
0
0
0
0
0
0
0
0
0
0
0
0
0
0
0
0
0
0
0
0
0
0
0
0
0
0
0
0
0
0
0
0
0
0
0
0
0
0
0
0
0
0
0
0
0
0
0
0
0
0
0
0
0
0
0
0
0
0
0
0
0
0
0
0
0
0
0
0
0
0
0
0
0
0
0
0
0
0
0
0
0
0
0
0
0
0
0
0
0
0
0
0
0
0
0
0
0
0
0
0
0
0
0
0
0
0
0
0
0
0
0
0
0
0
0
0
0
0
0
0
0
0
0
0
0
0
0
0
0
0
0
0
0
0
0
0
0
0
0
0
0
0
0
0
0
0
0
0
0
0
0
0
0
0
0
0
0
0
0
0
0
0
0
0
0
0
0
0
0
0
0
0
0
0
0
0
0
0
0
0
0
0
0
0
0
0
0
0
0
0
0
0
0
0
0
0
0
0
0
0
0
0
0
0
0
0
0
0
0
0
0
0
0
0
0
0
0
0
0
0
0
0
0
0
0
0
0
0
0
0
0
0
0
0
0
0
0
0
0
0
0
0
0
0
0
0
0
0
0
0
0
0
0
0
0
0
0
0
0
0
0
0
0
0
0
0
0
0
0
0
0
0
0
0
0
0
0
0
0
0
0
0
0
0
0
0
0
0
0
0
0
0
0
0
0
0
0
0
0
0
0
0
0
0
0
0
0
0
0
0
0
0
0
0
0
0
0
0
0
0
0
0
0
0
0
0
0
0
0
0
0
0
0
0
0
0
0
0
0
0
0
0
0
0
0
0
0
0
0
0
0
0
0
0
0
0
0
0
0
0
0
0
0
0
0
0
0
0
0
0
0
0
0
0
0
0
0
0
0
0
0
0
0
0
0
0
0
0
0
0
0
0
0
0
0
0
0
0
0
0
0
0
0
0
0
0
0
0
0
0
0
0
0
0
0
0
0
0
0
0
0
0
0
0
0
0
0
0
0
0
0
0
0
0
0
0
0
0
0
0
0
0
0
0
0
0
0
0
0
0
0
0
0
0
0
0
0
0
0
0
0
0
0
0
0
0
0
0
0
0
0
0
0
0
0
0
0
0
0
0
0
0
0
0
0
0
0
0
0
0
0
0
0
0
0
0
0
0
0
0
0
0
0
0
0
0
0
0
0
0
0
0
0
0
0
0
0
0
0
0
0
0
0
0
0
0
0
0
0
0
0
0
0
0
0
0
0
0
0
0
0
0
0
0
0
0
0
0
0
0
0
0
0
0
0
0
0
0
0
0
0
0
0
0
0
0
0
0
0
0
0
0
0
0
0
0
0
0
0
0
0
0
0
0
0
0
0
0
0
0
0
0
0
0
0
0
0
0
0
0
0
0
0
0
0
0
0
0
0
0
0
0
0
0
0
0
0
0
0
0
0
0
0
0
0
0
0
0
0
0
0
0
0
0
0
0
0
0
0
0
0
0
0
0
0
0
0
0
0
0
0
0
0
0
0
0
0
0
0
0
0
0
0
0
0
0
0
0
0
0
0
0
0
0
0
0
0
0
0
0
0
0
0
0
0
0
0
0
0
0
0
0
0
0
0
0
0
0
0
0
0
0
0
0
0
0
0
0
0
0
0
0
0
0
0
0
0
0
0
0
0
0
0
0
0
0
0
0
0
0
0
0
0
0
0
0
0
0
0
0
0
0
0
0
0
0
0
0
0
0
0
0
0
0
0
0
0
0
0
0
0
0
0
0
0
0
0
0
0
0
0
0
0
0
0
0
0
0
0
0
0
0
0
0
0
0
0
0
0
0
0
0
0
0
0
0
0
0
0
0
0
0
0
0
0
0
0
0
0
0
0
0
0
0
0
0
0
0
0
0
0
0
0
0
0
0
0
0
0
0
0
0
0
0
0
0
0
0
0
0
0
0
0
0
0
0
0
0
0
0
0
0
0
0
0
0
0
0
0
0
0
0
0
0
0
0
0
0
0
0
0
0
0
0
0
0
0
0
0
0
0
0
0
0
0
0
0
0
0
0
0
0
0
0
0
0
0
0
0
0
0
0
0
0
0
0
0
0
0
0
0
0
0
0
0
0
0
0
0
0
0
0
0
0
0
0
0
0
0
0
0
0
0
0
0
0
0
0
0
0
0
0
0
0
0
0
0
0
0
0
0
0
0
0
0
0
0
0
0
0
0
0
0
0
0
0
0
0
0
0
0
0
0
0
0
0
0
0
0
0
0
0
0
0
0
0
0
0
0
0
0
0
0
0
0
0
0
0
0
0
0
0
0
0
0
0
0
0
0
0
0
0
0
0
0
0
0
0
0
0
0
0
0
0
0
0
0
0
0
0
0
0
0
0
0
0
0
0
0
0
0
0
0
0
0
0
0
0
0
0
0
0
0
0
0
0
0
0
0
0
0
0
0
0
0
0
0
0
0
0
0
0
0
0
0
0
0
0
0
0
0
0
0
0
0
0
0
0
0
0
0
0
0
0
0
0
0
0
0
0
0
0
0
0
0
0
0
0
0
0
0
0
0
0
0
0
0
0
0
0
0
0
0
0
0
0
0
0
0
0
0
0
0
0
0
0
0
0
0
0
0
0
0
0
0
0
0
0
0
0
0
0
0
0
0
0
0
0
0
0
0
0
0
0
0
0
0
0
0
0
0
0
0
0
0
0
0
0
0
0
0
0
0
0
0
0
0
0
0
0
0
0
0
0
0
0
0
0
0
0
0
0
0
0
0
0
0
0
0
0
0
0
0
0
0
0
0
0
0
0
0
0
0
0
0
0
0
0
0
0
0
0
0
0
0
0
0
0
0
0
0
0
0
0
0
0
0
0
0
0
0
0
0
0
0
0
0
0
0
0
0
0
0
0
0
0
0
0
0
0
0
0
0
0
0
0
0
0
0
0
0
0
0
0
0
0
0
0
0
0
0
0
0
0
0
0
0
0
0
0
0
0
0
0
0
0
0
0
0
0
0
0
0
0
0
0
0
0
0
0
0
0
0
0
0
0
0
0
0
0
0
0
0
0
0
0
0
0
0
0
0
0
0
0
0
0
0
0
0
0
0
0
0
0
0
0
0
0
0
0
0
0
0
0
0
0
0
0
0
0
0
0
0
0
0
0
0
0
0
0
0
0
0
0
0
0
0
0
0
0
0
0
0
0
0
0
0
0
0
0
0
0
0
0
0
0
0
0
0
0
0
0
0
0
0
0
0
0
0
0
0
0
0
0
0
0
0
0
0
0
0
0
0
0
0
0
0
0
0
0
0
0
0
