18446744073709551615
18446744073709551615
18446744073709551615
18446744073709551615
18446744073709551615
18446744073709551615
18446744073709551615
18446744073709551615
9079256848778919935
9079256848778919935
9079256848778919935
9079256848778919935
9079256848778919935
9079256848778919935
9079256848778919935
9079256848778919935
18446744073709551615
9151314442816847871
4359484439294640127
4359484439294640127
2053641430080946175
2053641430080946175
2053641430080946175
2053641430080946175
2049137830453575679
2049137830453575679
2049137830453575679
2049137830453575679
2049137830453575679
2049137830453575679
2049137830453575679
2049137830453575679
3746994889972252671
3746994889972252671
3746994889972252671
3746994889972252671
3746994889972252671
3746994889972252671
3746994889972252671
3746994889972252671
3602879701896396799
3602879701896396799
3602879701896396799
3602879701896396799
3602879701896396799
3602879701896396799
3602879701896396799
3602879701896396799
1188950301625810943
1188950301625810943
1188950301625810943
1188950301625810943
1188950301625810943
1188950301625810943
1188950301625810943
1188950301625810943
1184446701998440447
1184446701998440447
1184446701998440447
1184446701998440447
1184446701998440447
1184446701998440447
1184446701998440447
1184446701998440447
18446744073709551615
9223372036854775807
4467570830351532031
4467570830351532031
2161727821137838079
2161727821137838079
2161727821137838079
2161727821137838079
990791918021509119
990791918021509119
990791918021509119
990791918021509119
990791918021509119
990791918021509119
990791918021509119
990791918021509119
18446744073709551615
9133300044307365887
4341470040785158143
4341470040785158143
2035627031571464191
2035627031571464191
2035627031571464191
2035627031571464191
869194728082505727
869194728082505727
869194728082505727
869194728082505727
869194728082505727
869194728082505727
869194728082505727
869194728082505727
144115188075855871
126100789566373887
126100789566373887
126100789566373887
126100789566373887
126100789566373887
126100789566373887
126100789566373887
117093590311632895
117093590311632895
117093590311632895
117093590311632895
117093590311632895
117093590311632895
117093590311632895
117093590311632895
36028797018963967
18014398509481983
18014398509481983
18014398509481983
18014398509481983
18014398509481983
18014398509481983
18014398509481983
4503599627370495
4503599627370495
4503599627370495
4503599627370495
4503599627370495
4503599627370495
4503599627370495
4503599627370495
0
0
0
0
0
0
0
0
0
0
0
0
0
0
0
0
0
0
0
0
0
0
0
0
0
0
0
0
0
0
0
0
0
0
0
0
0
0
0
0
0
0
0
0
0
0
0
0
0
0
0
0
0
0
0
0
0
0
0
0
0
0
0
0
0
0
0
0
0
0
0
0
0
0
0
0
0
0
0
0
0
0
0
0
0
0
0
0
0
0
0
0
0
0
0
0
0
0
0
0
0
0
0
0
0
0
0
0
0
0
0
0
0
0
0
0
0
0
0
0
0
0
0
0
0
0
0
0
0
0
0
0
0
0
0
0
0
0
0
0
0
0
0
0
0
0
0
0
0
0
0
0
0
0
0
0
0
0
0
0
0
0
0
0
0
0
0
0
0
0
0
0
0
0
0
0
0
0
0
0
0
0
0
0
0
0
0
0
0
0
0
0
0
0
0
0
0
0
0
0
0
0
0
0
0
0
0
0
0
0
0
0
0
0
0
0
0
0
0
0
0
0
0
0
0
0
0
0
0
0
0
0
0
0
0
0
0
0
0
0
0
0
0
0
0
0
0
0
0
0
0
0
0
0
0
0
0
0
0
0
0
0
0
0
0
0
0
0
0
0
0
0
0
0
0
0
0
0
0
0
0
0
0
0
0
0
0
0
0
0
0
0
0
0
0
0
0
0
0
0
0
0
0
0
0
0
0
0
0
0
0
0
0
0
0
0
0
0
0
0
0
0
0
0
0
0
0
0
0
0
0
0
0
0
0
0
0
0
0
0
0
0
0
0
0
0
0
0
0
0
0
0
0
0
0
0
0
0
0
0
0
0
0
0
0
0
0
0
0
0
0
0
0
0
0
0
0
0
0
0
0
0
0
0
