289632270724367364
289632270724367360
289632270724104192
289632270724104192
289631171212739588
289631171212739584
289631171212476416
289631171212476416
1401894572655620
1401894572655616
1401894572392448
1401894572392448
1400795061027844
1400795061027840
1400795060764672
1400795060764672
289368387933701124
289368387933701120
289368387933437952
289368387933437952
289367288422073348
289367288422073344
289367288421810176
289367288421810176
1138011781989380
1138011781989376
1138011781726208
1138011781726208
1136912270361604
1136912270361600
1136912270098432
1136912270098432
289385980119745540
289385980119745536
289385980119482368
289385980119482368
289384880608117764
289384880608117760
289384880607854592
289384880607854592
1155603968033796
1155603968033792
1155603967770624
1155603967770624
1154504456406020
1154504456406016
1154504456142848
1154504456142848
289368387933701124
289368387933701120
289368387933437952
289368387933437952
289367288422073348
289367288422073344
289367288421810176
289367288421810176
1138011781989380
1138011781989376
1138011781726208
1138011781726208
1136912270361604
1136912270361600
1136912270098432
1136912270098432
289421164491834372
289421164491834368
289421164491571200
289421164491571200
289420064980206596
289420064980206592
289420064979943424
289420064979943424
1190788340122628
1190788340122624
1190788339859456
1190788339859456
1189688828494852
1189688828494848
1189688828231680
1189688828231680
289368387933701124
289368387933701120
289368387933437952
289368387933437952
289367288422073348
289367288422073344
289367288421810176
289367288421810176
1138011781989380
1138011781989376
1138011781726208
1138011781726208
1136912270361604
1136912270361600
1136912270098432
1136912270098432
289385980119745540
289385980119745536
289385980119482368
289385980119482368
289384880608117764
289384880608117760
289384880607854592
289384880607854592
1155603968033796
1155603968033792
1155603967770624
1155603967770624
1154504456406020
1154504456406016
1154504456142848
1154504456142848
289368387933701124
289368387933701120
289368387933437952
289368387933437952
289367288422073348
289367288422073344
289367288421810176
289367288421810176
1138011781989380
1138011781989376
1138011781726208
1138011781726208
1136912270361604
1136912270361600
1136912270098432
1136912270098432
289491533236012036
289491533236012032
289491533235748864
289491533235748864
289490433724384260
289490433724384256
289490433724121088
289490433724121088
1261157084300292
1261157084300288
1261157084037120
1261157084037120
1260057572672516
1260057572672512
1260057572409344
1260057572409344
289368387933701124
289368387933701120
289368387933437952
289368387933437952
289367288422073348
289367288422073344
289367288421810176
289367288421810176
1138011781989380
1138011781989376
1138011781726208
1138011781726208
1136912270361604
1136912270361600
1136912270098432
1136912270098432
289385980119745540
289385980119745536
289385980119482368
289385980119482368
289384880608117764
289384880608117760
289384880607854592
289384880607854592
1155603968033796
1155603968033792
1155603967770624
1155603967770624
1154504456406020
1154504456406016
1154504456142848
1154504456142848
289368387933701124
289368387933701120
289368387933437952
289368387933437952
289367288422073348
289367288422073344
289367288421810176
289367288421810176
1138011781989380
1138011781989376
1138011781726208
1138011781726208
1136912270361604
1136912270361600
1136912270098432
1136912270098432
289421164491834372
289421164491834368
289421164491571200
289421164491571200
289420064980206596
289420064980206592
289420064979943424
289420064979943424
1190788340122628
1190788340122624
1190788339859456
1190788339859456
1189688828494852
1189688828494848
1189688828231680
1189688828231680
289368387933701124
289368387933701120
289368387933437952
289368387933437952
289367288422073348
289367288422073344
289367288421810176
289367288421810176
1138011781989380
1138011781989376
1138011781726208
1138011781726208
1136912270361604
1136912270361600
1136912270098432
1136912270098432
289385980119745540
289385980119745536
289385980119482368
289385980119482368
289384880608117764
289384880608117760
289384880607854592
289384880607854592
1155603968033796
1155603968033792
1155603967770624
1155603967770624
1154504456406020
1154504456406016
1154504456142848
1154504456142848
289368387933701124
289368387933701120
289368387933437952
289368387933437952
289367288422073348
289367288422073344
289367288421810176
289367288421810176
1138011781989380
1138011781989376
1138011781726208
1138011781726208
1136912270361604
1136912270361600
1136912270098432
1136912270098432
289632270724366336
289632270724366336
289632270724104192
289632270724104192
289631171212738560
289631171212738560
289631171212476416
289631171212476416
1401894572654592
1401894572654592
1401894572392448
1401894572392448
1400795061026816
1400795061026816
1400795060764672
1400795060764672
289368387933700096
289368387933700096
289368387933437952
289368387933437952
289367288422072320
289367288422072320
289367288421810176
289367288421810176
1138011781988352
1138011781988352
1138011781726208
1138011781726208
1136912270360576
1136912270360576
1136912270098432
1136912270098432
289385980119744512
289385980119744512
289385980119482368
289385980119482368
289384880608116736
289384880608116736
289384880607854592
289384880607854592
1155603968032768
1155603968032768
1155603967770624
1155603967770624
1154504456404992
1154504456404992
1154504456142848
1154504456142848
289368387933700096
289368387933700096
289368387933437952
289368387933437952
289367288422072320
289367288422072320
289367288421810176
289367288421810176
1138011781988352
1138011781988352
1138011781726208
1138011781726208
1136912270360576
1136912270360576
1136912270098432
1136912270098432
289421164491833344
289421164491833344
289421164491571200
289421164491571200
289420064980205568
289420064980205568
289420064979943424
289420064979943424
1190788340121600
1190788340121600
1190788339859456
1190788339859456
1189688828493824
1189688828493824
1189688828231680
1189688828231680
289368387933700096
289368387933700096
289368387933437952
289368387933437952
289367288422072320
289367288422072320
289367288421810176
289367288421810176
1138011781988352
1138011781988352
1138011781726208
1138011781726208
1136912270360576
1136912270360576
1136912270098432
1136912270098432
289385980119744512
289385980119744512
289385980119482368
289385980119482368
289384880608116736
289384880608116736
289384880607854592
289384880607854592
1155603968032768
1155603968032768
1155603967770624
1155603967770624
1154504456404992
1154504456404992
1154504456142848
1154504456142848
289368387933700096
289368387933700096
289368387933437952
289368387933437952
289367288422072320
289367288422072320
289367288421810176
289367288421810176
1138011781988352
1138011781988352
1138011781726208
1138011781726208
1136912270360576
1136912270360576
1136912270098432
1136912270098432
289491533236011008
289491533236011008
289491533235748864
289491533235748864
289490433724383232
289490433724383232
289490433724121088
289490433724121088
1261157084299264
1261157084299264
1261157084037120
1261157084037120
1260057572671488
1260057572671488
1260057572409344
1260057572409344
289368387933700096
289368387933700096
289368387933437952
289368387933437952
289367288422072320
289367288422072320
289367288421810176
289367288421810176
1138011781988352
1138011781988352
1138011781726208
1138011781726208
1136912270360576
1136912270360576
1136912270098432
1136912270098432
289385980119744512
289385980119744512
289385980119482368
289385980119482368
289384880608116736
289384880608116736
289384880607854592
289384880607854592
1155603968032768
1155603968032768
1155603967770624
1155603967770624
1154504456404992
1154504456404992
1154504456142848
1154504456142848
289368387933700096
289368387933700096
289368387933437952
289368387933437952
289367288422072320
289367288422072320
289367288421810176
289367288421810176
1138011781988352
1138011781988352
1138011781726208
1138011781726208
1136912270360576
1136912270360576
1136912270098432
1136912270098432
289421164491833344
289421164491833344
289421164491571200
289421164491571200
289420064980205568
289420064980205568
289420064979943424
289420064979943424
1190788340121600
1190788340121600
1190788339859456
1190788339859456
1189688828493824
1189688828493824
1189688828231680
1189688828231680
289368387933700096
289368387933700096
289368387933437952
289368387933437952
289367288422072320
289367288422072320
289367288421810176
289367288421810176
1138011781988352
1138011781988352
1138011781726208
1138011781726208
1136912270360576
1136912270360576
1136912270098432
1136912270098432
289385980119744512
289385980119744512
289385980119482368
289385980119482368
289384880608116736
289384880608116736
289384880607854592
289384880607854592
1155603968032768
1155603968032768
1155603967770624
1155603967770624
1154504456404992
1154504456404992
1154504456142848
1154504456142848
289368387933700096
289368387933700096
289368387933437952
289368387933437952
289367288422072320
289367288422072320
289367288421810176
289367288421810176
1138011781988352
1138011781988352
1138011781726208
1138011781726208
1136912270360576
1136912270360576
1136912270098432
1136912270098432
289632270656995328
289632270656995328
289632270656995328
289632270656995328
289631171145367552
289631171145367552
289631171145367552
289631171145367552
1401894505283584
1401894505283584
1401894505283584
1401894505283584
1400794993655808
1400794993655808
1400794993655808
1400794993655808
289368387866329088
289368387866329088
289368387866329088
289368387866329088
289367288354701312
289367288354701312
289367288354701312
289367288354701312
1138011714617344
1138011714617344
1138011714617344
1138011714617344
1136912202989568
1136912202989568
1136912202989568
1136912202989568
289385980052373504
289385980052373504
289385980052373504
289385980052373504
289384880540745728
289384880540745728
289384880540745728
289384880540745728
1155603900661760
1155603900661760
1155603900661760
1155603900661760
1154504389033984
1154504389033984
1154504389033984
1154504389033984
289368387866329088
289368387866329088
289368387866329088
289368387866329088
289367288354701312
289367288354701312
289367288354701312
289367288354701312
1138011714617344
1138011714617344
1138011714617344
1138011714617344
1136912202989568
1136912202989568
1136912202989568
1136912202989568
289421164424462336
289421164424462336
289421164424462336
289421164424462336
289420064912834560
289420064912834560
289420064912834560
289420064912834560
1190788272750592
1190788272750592
1190788272750592
1190788272750592
1189688761122816
1189688761122816
1189688761122816
1189688761122816
289368387866329088
289368387866329088
289368387866329088
289368387866329088
289367288354701312
289367288354701312
289367288354701312
289367288354701312
1138011714617344
1138011714617344
1138011714617344
1138011714617344
1136912202989568
1136912202989568
1136912202989568
1136912202989568
289385980052373504
289385980052373504
289385980052373504
289385980052373504
289384880540745728
289384880540745728
289384880540745728
289384880540745728
1155603900661760
1155603900661760
1155603900661760
1155603900661760
1154504389033984
1154504389033984
1154504389033984
1154504389033984
289368387866329088
289368387866329088
289368387866329088
289368387866329088
289367288354701312
289367288354701312
289367288354701312
289367288354701312
1138011714617344
1138011714617344
1138011714617344
1138011714617344
1136912202989568
1136912202989568
1136912202989568
1136912202989568
289491533168640000
289491533168640000
289491533168640000
289491533168640000
289490433657012224
289490433657012224
289490433657012224
289490433657012224
1261157016928256
1261157016928256
1261157016928256
1261157016928256
1260057505300480
1260057505300480
1260057505300480
1260057505300480
289368387866329088
289368387866329088
289368387866329088
289368387866329088
289367288354701312
289367288354701312
289367288354701312
289367288354701312
1138011714617344
1138011714617344
1138011714617344
1138011714617344
1136912202989568
1136912202989568
1136912202989568
1136912202989568
289385980052373504
289385980052373504
289385980052373504
289385980052373504
289384880540745728
289384880540745728
289384880540745728
289384880540745728
1155603900661760
1155603900661760
1155603900661760
1155603900661760
1154504389033984
1154504389033984
1154504389033984
1154504389033984
289368387866329088
289368387866329088
289368387866329088
289368387866329088
289367288354701312
289367288354701312
289367288354701312
289367288354701312
1138011714617344
1138011714617344
1138011714617344
1138011714617344
1136912202989568
1136912202989568
1136912202989568
1136912202989568
289421164424462336
289421164424462336
289421164424462336
289421164424462336
289420064912834560
289420064912834560
289420064912834560
289420064912834560
1190788272750592
1190788272750592
1190788272750592
1190788272750592
1189688761122816
1189688761122816
1189688761122816
1189688761122816
289368387866329088
289368387866329088
289368387866329088
289368387866329088
289367288354701312
289367288354701312
289367288354701312
289367288354701312
1138011714617344
1138011714617344
1138011714617344
1138011714617344
1136912202989568
1136912202989568
1136912202989568
1136912202989568
289385980052373504
289385980052373504
289385980052373504
289385980052373504
289384880540745728
289384880540745728
289384880540745728
289384880540745728
1155603900661760
1155603900661760
1155603900661760
1155603900661760
1154504389033984
1154504389033984
1154504389033984
1154504389033984
289368387866329088
289368387866329088
289368387866329088
289368387866329088
289367288354701312
289367288354701312
289367288354701312
289367288354701312
1138011714617344
1138011714617344
1138011714617344
1138011714617344
1136912202989568
1136912202989568
1136912202989568
1136912202989568
289632270656995328
289632270656995328
289632270656995328
289632270656995328
289631171145367552
289631171145367552
289631171145367552
289631171145367552
1401894505283584
1401894505283584
1401894505283584
1401894505283584
1400794993655808
1400794993655808
1400794993655808
1400794993655808
289368387866329088
289368387866329088
289368387866329088
289368387866329088
289367288354701312
289367288354701312
289367288354701312
289367288354701312
1138011714617344
1138011714617344
1138011714617344
1138011714617344
1136912202989568
1136912202989568
1136912202989568
1136912202989568
289385980052373504
289385980052373504
289385980052373504
289385980052373504
289384880540745728
289384880540745728
289384880540745728
289384880540745728
1155603900661760
1155603900661760
1155603900661760
1155603900661760
1154504389033984
1154504389033984
1154504389033984
1154504389033984
289368387866329088
289368387866329088
289368387866329088
289368387866329088
289367288354701312
289367288354701312
289367288354701312
289367288354701312
1138011714617344
1138011714617344
1138011714617344
1138011714617344
1136912202989568
1136912202989568
1136912202989568
1136912202989568
289421164424462336
289421164424462336
289421164424462336
289421164424462336
289420064912834560
289420064912834560
289420064912834560
289420064912834560
1190788272750592
1190788272750592
1190788272750592
1190788272750592
1189688761122816
1189688761122816
1189688761122816
1189688761122816
289368387866329088
289368387866329088
289368387866329088
289368387866329088
289367288354701312
289367288354701312
289367288354701312
289367288354701312
1138011714617344
1138011714617344
1138011714617344
1138011714617344
1136912202989568
1136912202989568
1136912202989568
1136912202989568
289385980052373504
289385980052373504
289385980052373504
289385980052373504
289384880540745728
289384880540745728
289384880540745728
289384880540745728
1155603900661760
1155603900661760
1155603900661760
1155603900661760
1154504389033984
1154504389033984
1154504389033984
1154504389033984
289368387866329088
289368387866329088
289368387866329088
289368387866329088
289367288354701312
289367288354701312
289367288354701312
289367288354701312
1138011714617344
1138011714617344
1138011714617344
1138011714617344
1136912202989568
1136912202989568
1136912202989568
1136912202989568
289491533168640000
289491533168640000
289491533168640000
289491533168640000
289490433657012224
289490433657012224
289490433657012224
289490433657012224
1261157016928256
1261157016928256
1261157016928256
1261157016928256
1260057505300480
1260057505300480
1260057505300480
1260057505300480
289368387866329088
289368387866329088
289368387866329088
289368387866329088
289367288354701312
289367288354701312
289367288354701312
289367288354701312
1138011714617344
1138011714617344
1138011714617344
1138011714617344
1136912202989568
1136912202989568
1136912202989568
1136912202989568
289385980052373504
289385980052373504
289385980052373504
289385980052373504
289384880540745728
289384880540745728
289384880540745728
289384880540745728
1155603900661760
1155603900661760
1155603900661760
1155603900661760
1154504389033984
1154504389033984
1154504389033984
1154504389033984
289368387866329088
289368387866329088
289368387866329088
289368387866329088
289367288354701312
289367288354701312
289367288354701312
289367288354701312
1138011714617344
1138011714617344
1138011714617344
1138011714617344
1136912202989568
1136912202989568
1136912202989568
1136912202989568
289421164424462336
289421164424462336
289421164424462336
289421164424462336
289420064912834560
289420064912834560
289420064912834560
289420064912834560
1190788272750592
1190788272750592
1190788272750592
1190788272750592
1189688761122816
1189688761122816
1189688761122816
1189688761122816
289368387866329088
289368387866329088
289368387866329088
289368387866329088
289367288354701312
289367288354701312
289367288354701312
289367288354701312
1138011714617344
1138011714617344
1138011714617344
1138011714617344
1136912202989568
1136912202989568
1136912202989568
1136912202989568
289385980052373504
289385980052373504
289385980052373504
289385980052373504
289384880540745728
289384880540745728
289384880540745728
289384880540745728
1155603900661760
1155603900661760
1155603900661760
1155603900661760
1154504389033984
1154504389033984
1154504389033984
1154504389033984
289368387866329088
289368387866329088
289368387866329088
289368387866329088
289367288354701312
289367288354701312
289367288354701312
289367288354701312
1138011714617344
1138011714617344
1138011714617344
1138011714617344
1136912202989568
1136912202989568
1136912202989568
1136912202989568
0
0
0
0
0
0
0
0
0
0
0
0
0
0
0
0
0
0
0
0
0
0
0
0
0
0
0
0
0
0
0
0
0
0
0
0
0
0
0
0
0
0
0
0
0
0
0
0
0
0
0
0
0
0
0
0
0
0
0
0
0
0
0
0
0
0
0
0
0
0
0
0
0
0
0
0
0
0
0
0
0
0
0
0
0
0
0
0
0
0
0
0
0
0
0
0
0
0
0
0
0
0
0
0
0
0
0
0
0
0
0
0
0
0
0
0
0
0
0
0
0
0
0
0
0
0
0
0
0
0
0
0
0
0
0
0
0
0
0
0
0
0
0
0
0
0
0
0
0
0
0
0
0
0
0
0
0
0
0
0
0
0
0
0
0
0
0
0
0
0
0
0
0
0
0
0
0
0
0
0
0
0
0
0
0
0
0
0
0
0
0
0
0
0
0
0
0
0
0
0
0
0
0
0
0
0
0
0
0
0
0
0
0
0
0
0
0
0
0
0
0
0
0
0
0
0
0
0
0
0
0
0
0
0
0
0
0
0
0
0
0
0
0
0
0
0
0
0
0
0
0
0
0
0
0
0
0
0
0
0
0
0
0
0
0
0
0
0
0
0
0
0
0
0
0
0
0
0
0
0
0
0
0
0
0
0
0
0
0
0
0
0
0
0
0
0
0
0
0
0
0
0
0
0
0
0
0
0
0
0
0
0
0
0
0
0
0
0
0
0
0
0
0
0
0
0
0
0
0
0
0
0
0
0
0
0
0
0
0
0
0
0
0
0
0
0
0
0
0
0
0
0
0
0
0
0
0
0
0
0
0
0
0
0
0
0
0
0
0
0
0
0
0
0
0
0
0
0
0
0
0
0
0
0
0
0
0
0
0
0
0
0
0
0
0
0
0
0
0
0
0
0
0
0
0
0
0
0
0
0
0
0
0
0
0
0
0
0
0
0
0
0
0
0
0
0
0
0
0
0
0
0
0
0
0
0
0
0
0
0
0
0
0
0
0
0
0
0
0
0
0
0
0
0
0
0
0
0
0
0
0
0
0
0
0
0
0
0
0
0
0
0
0
0
0
0
0
0
0
0
0
0
0
0
0
0
0
0
0
0
0
0
0
0
0
0
0
0
0
0
0
0
0
0
0
0
0
0
0
0
0
0
0
0
0
0
0
0
0
0
0
0
0
0
0
0
0
0
0
0
0
0
0
0
0
0
0
0
0
0
0
0
0
0
0
0
0
0
0
0
0
0
0
0
0
0
0
0
0
0
0
0
0
0
0
0
0
0
0
0
0
0
0
0
0
0
0
0
0
0
0
0
0
0
0
0
0
0
0
0
0
0
0
0
0
0
0
0
0
0
0
0
0
0
0
0
0
0
0
0
0
0
0
0
0
0
0
0
0
0
0
0
0
0
0
0
0
0
0
0
0
0
0
0
0
0
0
0
0
0
0
0
0
0
0
0
0
0
0
0
0
0
0
0
0
0
0
0
0
0
0
0
0
0
0
0
0
0
0
0
0
0
0
0
0
0
0
0
0
0
0
0
0
0
0
0
0
0
0
0
0
0
0
0
0
0
0
0
0
0
0
0
0
0
0
0
0
0
0
0
0
0
0
0
0
0
0
0
0
0
0
0
0
0
0
0
0
0
0
0
0
0
0
0
0
0
0
0
0
0
0
0
0
0
0
0
0
0
0
0
0
0
0
0
0
0
0
0
0
0
0
0
0
0
0
0
0
0
0
0
0
0
0
0
0
0
0
0
0
0
0
0
0
0
0
0
0
0
0
0
0
0
0
0
0
0
0
0
0
0
0
0
0
0
0
0
0
0
0
0
0
0
0
0
0
0
0
0
0
0
0
0
0
0
0
0
0
0
0
0
0
0
0
0
0
0
0
0
0
0
0
0
0
0
0
0
0
0
0
0
0
0
0
0
0
0
0
0
0
0
0
0
0
0
0
0
0
0
0
0
0
0
0
0
0
0
0
0
0
0
0
0
0
0
0
0
0
0
0
0
0
0
0
0
0
0
0
0
0
0
0
0
0
0
0
0
0
0
0
0
0
0
0
0
0
0
0
0
0
0
0
0
0
0
0
0
0
0
0
0
0
0
0
0
0
0
0
0
0
0
0
0
0
0
0
0
0
0
0
0
0
0
0
0
0
0
0
0
0
0
0
0
0
0
0
0
0
0
0
0
0
0
0
0
0
0
0
0
0
0
0
0
0
0
0
0
0
0
0
0
0
0
0
0
0
0
0
0
0
0
0
0
0
0
0
0
0
0
0
0
0
0
0
0
0
0
0
0
0
0
0
0
0
0
0
0
0
0
0
0
0
0
0
0
0
0
0
0
0
0
0
0
0
0
0
0
0
0
0
0
0
0
0
0
0
0
0
0
0
0
0
0
0
0
0
0
0
0
0
0
0
0
0
0
0
0
0
0
0
0
0
0
0
0
0
0
0
0
0
0
0
0
0
0
0
0
0
0
0
0
0
0
0
0
0
0
0
0
0
0
0
0
0
0
0
0
0
0
0
0
0
0
0
0
0
0
0
0
0
0
0
0
0
0
0
0
0
0
0
0
0
0
0
0
0
0
0
0
0
0
0
0
0
0
0
0
0
0
0
0
0
0
0
0
0
0
0
0
0
0
0
0
0
0
0
0
0
0
0
0
0
0
0
0
0
0
0
0
0
0
0
0
0
0
0
0
0
0
0
0
0
0
0
0
0
0
0
0
0
0
0
0
0
0
0
0
0
0
0
0
0
0
0
0
0
0
0
0
0
0
0
0
0
0
0
0
0
0
0
0
0
0
0
0
0
0
0
0
0
0
0
0
0
0
0
0
0
0
0
0
0
0
0
0
0
0
0
0
0
0
0
0
0
0
0
0
0
0
0
0
0
0
0
0
0
0
0
0
0
0
0
0
0
0
0
0
0
0
0
0
0
0
0
0
0
0
0
0
0
0
0
0
0
0
0
0
0
0
0
0
0
0
0
0
0
0
0
0
0
0
0
0
0
0
0
0
0
0
0
0
0
0
0
0
0
0
0
0
0
0
0
0
0
0
0
0
0
0
0
0
0
0
0
0
0
0
0
0
0
0
0
0
0
0
0
0
0
0
0
0
0
0
0
0
0
0
0
0
0
0
0
0
0
0
0
0
0
0
0
0
0
0
0
0
0
0
0
0
0
0
0
0
0
0
0
0
0
0
0
0
0
0
0
0
0
0
0
0
0
0
0
0
0
0
0
0
0
0
0
0
0
0
0
0
0
0
0
0
0
0
0
0
0
0
0
0
0
0
0
0
0
0
0
0
0
0
0
0
0
0
0
0
0
0
0
0
0
0
0
0
0
0
0
0
0
0
0
0
0
0
0
0
0
0
0
0
0
0
0
0
0
0
0
0
0
0
0
0
0
0
0
0
0
0
0
0
0
0
0
0
0
0
0
0
0
0
0
0
0
0
0
0
0
0
0
0
0
0
0
0
0
0
0
0
0
0
0
0
0
0
0
0
0
0
0
0
0
0
0
0
0
0
0
0
0
0
0
0
0
0
0
0
0
0
0
0
0
0
0
0
0
0
0
0
0
0
0
0
0
0
0
0
0
0
0
0
0
0
0
0
0
0
0
0
0
0
0
0
0
0
0
0
0
0
0
0
0
0
0
0
0
0
0
0
0
0
0
0
0
0
0
0
0
0
0
0
0
0
0
0
0
0
0
0
0
0
0
0
0
0
0
0
0
0
0
0
0
0
0
0
0
0
0
0
0
0
0
0
0
0
0
0
0
0
0
0
0
0
0
0
0
0
0
0
0
0
0
0
0
0
0
0
0
0
0
0
0
0
0
0
0
0
0
0
0
0
0
0
0
0
0
0
0
0
0
0
0
0
0
0
0
0
0
0
0
0
0
0
0
0
0
0
0
0
0
0
0
0
0
0
0
0
0
0
0
0
0
0
0
0
0
0
0
0
0
0
0
0
0
0
0
0
0
0
0
0
0
0
0
0
0
0
0
0
0
0
0
0
0
0
0
0
0
0
0
0
0
0
0
0
0
0
0
0
0
0
0
0
0
0
0
0
0
0
0
0
0
0
0
0
0
0
0
0
0
0
0
0
0
0
0
0
0
0
0
0
0
0
0
0
0
0
0
0
0
0
0
0
0
0
0
0
0
0
0
0
0
0
0
0
0
0
0
0
0
0
0
0
0
0
0
0
0
0
0
0
0
0
0
0
0
0
0
0
0
0
0
0
0
0
0
0
0
0
0
0
0
0
0
0
0
0
0
0
0
0
0
0
0
0
0
0
0
0
0
0
0
0
0
0
0
0
0
0
0
0
0
0
0
0
0
0
0
0
0
0
0
0
0
0
0
0
0
0
0
0
0
0
0
0
0
0
0
0
0
0
0
0
0
0
0
0
0
0
0
0
0
0
0
0
0
0
0
0
0
0
0
0
0
0
0
0
0
0
0
0
0
0
0
0
0
0
0
0
0
0
0
0
0
0
0
0
0
0
0
0
0
0
0
0
0
0
0
0
0
0
0
0
0
0
0
0
0
0
0
0
0
0
0
0
0
0
0
0
0
0
0
0
0
0
0
0
0
0
0
0
0
0
0
0
0
0
0
0
0
0
0
0
0
0
0
0
0
0
0
0
0
0
0
0
0
0
0
0
0
0
0
0
0
0
0
0
0
0
0
0
0
0
0
0
0
0
0
0
0
0
0
0
0
0
0
0
0
0
0
0
0
0
0
0
0
0
0
0
0
0
0
0
0
0
0
0
0
0
0
0
0
0
0
0
0
0
0
0
0
0
0
0
0
0
0
0
0
0
0
0
0
0
0
0
0
0
0
0
0
0
0
0
0
0
0
0
0
0
0
0
0
0
0
0
0
0
0
0
0
0
0
0
0
0
0
0
0
0
0
0
0
0
0
0
0
0
0
0
0
0
0
0
0
0
0
0
0
0
0
0
0
0
0
0
0
0
0
0
0
0
0
0
0
0
0
0
0
0
0
0
0
0
0
0
0
0
0
0
0
0
0
0
0
0
0
0
0
0
0
0
0
0
0
0
0
0
0
0
0
0
0
0
0
0
0
0
0
0
0
0
0
0
0
0
0
0
0
0
0
0
0
0
0
0
0
0
0
0
0
0
0
0
0
0
0
0
0
0
0
0
0
0
0
0
0
0
0
0
0
0
0
0
0
0
0
0
0
0
0
0
0
0
0
0
0
0
0
0
0
0
0
0
0
0
0
0
0
0
0
0
0
0
0
0
0
0
0
0
0
0
0
0
0
0
0
0
0
0
0
0
0
0
0
0
0
0
0
0
0
0
0
0
0
0
0
0
0
0
0
0
0
0
0
0
0
0
0
0
0
0
0
0
0
0
0
0
0
0
0
0
0
0
0
0
0
0
0
0
0
0
0
0
0
0
0
0
0
0
0
0
0
0
0
0
0
0
0
0
0
0
0
0
0
0
0
0
0
0
0
0
0
0
0
0
0
0
0
0
0
0
0
0
0
0
0
0
0
0
0
0
0
0
0
0
0
0
0
0
0
0
0
0
0
0
0
0
0
0
0
0
0
0
0
0
0
0
0
0
0
0
0
0
0
0
0
0
0
0
0
0
0
0
0
0
0
0
0
0
0
0
0
0
0
0
0
0
0
0
0
0
0
0
0
0
0
0
0
0
0
0
0
0
0
0
0
0
0
0
0
0
0
0
0
0
0
0
0
0
0
0
0
0
0
0
0
0
0
0
0
0
0
0
0
0
0
0
0
0
0
0
0
0
0
0
0
0
0
0
0
0
0
0
0
0
0
0
0
0
0
0
0
0
0
0
0
0
0
0
0
0
0
0
0
0
0
0
0
0
0
0
0
0
0
0
0
0
0
0
0
0
0
0
0
0
0
0
0
0
0
0
0
0
0
0
0
0
0
0
0
0
0
0
0
0
0
0
0
0
0
0
0
0
0
0
0
0
0
0
0
0
0
0
0
0
0
0
0
0
0
0
0
0
0
0
0
0
0
0
0
0
0
0
0
0
0
0
0
0
0
0
0
0
0
0
0
0
0
0
0
0
0
0
0
0
0
0
0
0
0
0
0
0
0
0
0
0
0
0
0
0
0
0
0
0
0
0
0
0
0
0
0
0
0
0
0
0
0
0
0
0
0
0
0
0
0
0
0
0
0
0
0
0
0
0
0
0
0
0
0
0
0
0
0
0
0
0
0
0
0
0
0
0
0
0
0
0
0
0
0
0
0
0
0
0
0
0
0
0
0
0
0
0
0
0
0
0
0
0
0
0
0
0
0
0
0
0
0
0
0
0
0
0
0
0
0
0
0
0
0
0
0
0
0
0
0
0
0
0
0
0
0
0
0
0
0
0
0
0
0
0
0
0
0
0
0
0
0
0
0
0
0
0
0
0
0
0
0
0
0
0
0
0
0
0
0
0
0
0
0
0
0
0
0
0
0
0
0
0
0
0
0
0
0
0
0
0
0
0
0
0
0
0
0
0
0
0
0
0
0
0
0
0
0
0
0
0
0
0
0
0
0
0
0
0
0
0
0
0
0
0
0
0
0
0
0
0
0
0
0
0
0
0
0
0
0
0
0
0
0
0
0
0
0
0
0
0
0
0
0
0
0
0
0
0
0
0
0
0
0
0
0
0
0
0
0
0
0
0
0
0
0
0
0
0
0
0
0
0
0
0
0
0
0
0
0
0
0
0
0
0
0
0
0
0
0
0
0
0
0
0
0
0
0
0
0
0
0
0
0
0
0
0
0
0
0
0
0
0
0
0
0
0
0
0
0
0
0
0
0
0
0
0
0
0
0
0
0
0
0
0
0
0
0
0
0
0
0
0
0
0
0
0
0
0
0
0
0
0
0
0
0
0
0
0
0
0
0
0
0
0
0
0
0
0
0
0
0
0
0
0
0
0
0
0
0
0
