18446744073709551615
18446744073709551615
1134907106097364991
1134907106097364991
18446744073709551615
18446744073709551615
1134907106097364991
1134907106097364991
3746994889972252671
3746994889972252671
261208778387488767
261208778387488767
3746994889972252671
3746994889972252671
261208778387488767
261208778387488767
18446744073709551615
4359484439294640127
873698327709876223
873698327709876223
9151314442816847871
4359484439294640127
873698327709876223
873698327709876223
3494793310839504895
3494793310839504895
9007199254740991
9007199254740991
3494793310839504895
3494793310839504895
9007199254740991
9007199254740991
18446744073709551615
18446744073709551615
9223372036854775807
9223372036854775807
18446744073709551615
18446744073709551615
9223372036854775807
9223372036854775807
3746994889972252671
3746994889972252671
3746994889972252671
3746994889972252671
3746994889972252671
3746994889972252671
3746994889972252671
3746994889972252671
4359484439294640127
4359484439294640127
4359484439294640127
4359484439294640127
4359484439294640127
4359484439294640127
4359484439294640127
4359484439294640127
3494793310839504895
3494793310839504895
3494793310839504895
3494793310839504895
3494793310839504895
3494793310839504895
3494793310839504895
3494793310839504895
18446744073709551615
2305843009213693951
9223372036854775807
9223372036854775807
9223372036854775807
2305843009213693951
9223372036854775807
9223372036854775807
288230376151711743
270215977642229759
3746994889972252671
3746994889972252671
270215977642229759
270215977642229759
3746994889972252671
3746994889972252671
18446744073709551615
2035627031571464191
4359484439294640127
4359484439294640127
9133300044307365887
2035627031571464191
4359484439294640127
4359484439294640127
36028797018963967
18014398509481983
3494793310839504895
3494793310839504895
18014398509481983
18014398509481983
3494793310839504895
3494793310839504895
4611686018427387903
2305843009213693951
1134907106097364991
1134907106097364991
4611686018427387903
2305843009213693951
1134907106097364991
1134907106097364991
270215977642229759
270215977642229759
261208778387488767
261208778387488767
270215977642229759
270215977642229759
261208778387488767
261208778387488767
4341470040785158143
2035627031571464191
873698327709876223
873698327709876223
4341470040785158143
2035627031571464191
873698327709876223
873698327709876223
18014398509481983
18014398509481983
9007199254740991
9007199254740991
18014398509481983
18014398509481983
9007199254740991
9007199254740991
0
0
0
0
0
0
0
0
0
0
0
0
0
0
0
0
0
0
0
0
0
0
0
0
0
0
0
0
0
0
0
0
0
0
0
0
0
0
0
0
0
0
0
0
0
0
0
0
0
0
0
0
0
0
0
0
0
0
0
0
0
0
0
0
0
0
0
0
0
0
0
0
0
0
0
0
0
0
0
0
0
0
0
0
0
0
0
0
0
0
0
0
0
0
0
0
0
0
0
0
0
0
0
0
0
0
0
0
0
0
0
0
0
0
0
0
0
0
0
0
0
0
0
0
0
0
0
0
0
0
0
0
0
0
0
0
0
0
0
0
0
0
0
0
0
0
0
0
0
0
0
0
0
0
0
0
0
0
0
0
0
0
0
0
0
0
0
0
0
0
0
0
0
0
0
0
0
0
0
0
0
0
0
0
0
0
0
0
0
0
0
0
0
0
0
0
0
0
0
0
0
0
0
0
0
0
0
0
0
0
0
0
0
0
0
0
0
0
0
0
0
0
0
0
0
0
0
0
0
0
0
0
0
0
0
0
0
0
0
0
0
0
0
0
0
0
0
0
0
0
0
0
0
0
0
0
0
0
0
0
0
0
0
0
0
0
0
0
0
0
0
0
0
0
0
0
0
0
0
0
0
0
0
0
0
0
0
0
0
0
0
0
0
0
0
0
0
0
0
0
0
0
0
0
0
0
0
0
0
0
0
0
0
0
0
0
0
0
0
0
0
0
0
0
0
0
0
0
0
0
0
0
0
0
0
0
0
0
0
0
0
0
0
0
0
0
0
0
0
0
0
0
0
0
0
0
0
0
0
0
0
0
0
0
0
0
0
0
0
0
0
0
0
0
0
0
0
0
0
0
0
0
0
0
