18446744073709551615
9223372036854775807
18446744073709551615
9223372036854775807
8646911284551352319
8646911284551352319
8646911284551352319
8646911284551352319
18446744073709551615
9223372036854775807
18446744073709551615
9223372036854775807
8646911284551352319
8646911284551352319
8646911284551352319
8646911284551352319
18446744073709551615
8971170457722028031
8971170457722028031
8971170457722028031
8106479329266892799
8106479329266892799
8106479329266892799
8106479329266892799
9151314442816847871
8971170457722028031
8971170457722028031
8971170457722028031
8106479329266892799
8106479329266892799
8106479329266892799
8106479329266892799
18446744073709551615
9223372036854775807
18446744073709551615
9223372036854775807
8646911284551352319
8646911284551352319
8646911284551352319
8646911284551352319
18446744073709551615
9223372036854775807
18446744073709551615
9223372036854775807
8646911284551352319
8646911284551352319
8646911284551352319
8646911284551352319
8971170457722028031
8971170457722028031
8971170457722028031
8971170457722028031
8106479329266892799
8106479329266892799
8106479329266892799
8106479329266892799
8971170457722028031
8971170457722028031
8971170457722028031
8971170457722028031
8106479329266892799
8106479329266892799
8106479329266892799
8106479329266892799
18446744073709551615
1134907106097364991
4611686018427387903
1134907106097364991
576460752303423487
558446353793941503
558446353793941503
558446353793941503
9223372036854775807
1134907106097364991
4611686018427387903
1134907106097364991
558446353793941503
558446353793941503
558446353793941503
558446353793941503
18446744073709551615
882705526964617215
4341470040785158143
882705526964617215
36028797018963967
18014398509481983
18014398509481983
18014398509481983
9133300044307365887
882705526964617215
4341470040785158143
882705526964617215
18014398509481983
18014398509481983
18014398509481983
18014398509481983
2305843009213693951
1134907106097364991
2305843009213693951
1134907106097364991
558446353793941503
558446353793941503
558446353793941503
558446353793941503
2305843009213693951
1134907106097364991
2305843009213693951
1134907106097364991
558446353793941503
558446353793941503
558446353793941503
558446353793941503
2035627031571464191
882705526964617215
2035627031571464191
882705526964617215
18014398509481983
18014398509481983
18014398509481983
18014398509481983
2035627031571464191
882705526964617215
2035627031571464191
882705526964617215
18014398509481983
18014398509481983
18014398509481983
18014398509481983
0
0
0
0
0
0
0
0
0
0
0
0
0
0
0
0
0
0
0
0
0
0
0
0
0
0
0
0
0
0
0
0
0
0
0
0
0
0
0
0
0
0
0
0
0
0
0
0
0
0
0
0
0
0
0
0
0
0
0
0
0
0
0
0
0
0
0
0
0
0
0
0
0
0
0
0
0
0
0
0
0
0
0
0
0
0
0
0
0
0
0
0
0
0
0
0
0
0
0
0
0
0
0
0
0
0
0
0
0
0
0
0
0
0
0
0
0
0
0
0
0
0
0
0
0
0
0
0
0
0
0
0
0
0
0
0
0
0
0
0
0
0
0
0
0
0
0
0
0
0
0
0
0
0
0
0
0
0
0
0
0
0
0
0
0
0
0
0
0
0
0
0
0
0
0
0
0
0
0
0
0
0
0
0
0
0
0
0
0
0
0
0
0
0
0
0
0
0
0
0
0
0
0
0
0
0
0
0
0
0
0
0
0
0
0
0
0
0
0
0
0
0
0
0
0
0
0
0
0
0
0
0
0
0
0
0
0
0
0
0
0
0
0
0
0
0
0
0
0
0
0
0
0
0
0
0
0
0
0
0
0
0
0
0
0
0
0
0
0
0
0
0
0
0
0
0
0
0
0
0
0
0
0
0
0
0
0
0
0
0
0
0
0
0
0
0
0
0
0
0
0
0
0
0
0
0
0
0
0
0
0
0
0
0
0
0
0
0
0
0
0
0
0
0
0
0
0
0
0
0
0
0
0
0
0
0
0
0
0
0
0
0
0
0
0
0
0
0
0
0
0
0
0
0
0
0
0
0
0
0
0
0
0
0
0
0
0
0
0
0
0
0
0
0
0
0
0
0
0
0
0
0
0
0
