18446744073709551615
18446744073709551615
18446744073709551615
18446744073709551615
18446744073709551615
18446744073709551615
18446744073709551615
18446744073709551615
18446744073709551615
18446744073709551615
18446744073709551615
18446744073709551615
18446744073709551615
18446744073709551615
18446744073709551615
18446744073709551615
18446744073709551615
18374686479671623679
18194542494576803839
18194542494576803839
18194542494576803839
18194542494576803839
18194542494576803839
18194542494576803839
18194542494576803839
18194542494576803839
18194542494576803839
18194542494576803839
18194542494576803839
18194542494576803839
18194542494576803839
18194542494576803839
18446744073709551615
18446744073709551615
18446744073709551615
18446744073709551615
18446744073709551615
18446744073709551615
18446744073709551615
18446744073709551615
18446744073709551615
18446744073709551615
18446744073709551615
18446744073709551615
18446744073709551615
18446744073709551615
18446744073709551615
18446744073709551615
17329851366121668607
17329851366121668607
17329851366121668607
17329851366121668607
17329851366121668607
17329851366121668607
17329851366121668607
17329851366121668607
17329851366121668607
17329851366121668607
17329851366121668607
17329851366121668607
17329851366121668607
17329851366121668607
17329851366121668607
17329851366121668607
18446744073709551615
9223372036854775807
4611686018427387903
4611686018427387903
2305843009213693951
2305843009213693951
2305843009213693951
2305843009213693951
1152921504606846975
1152921504606846975
1152921504606846975
1152921504606846975
1152921504606846975
1152921504606846975
1152921504606846975
1152921504606846975
18446744073709551615
9151314442816847871
4359484439294640127
4359484439294640127
2053641430080946175
2053641430080946175
2053641430080946175
2053641430080946175
900719925474099199
900719925474099199
900719925474099199
900719925474099199
900719925474099199
900719925474099199
900719925474099199
900719925474099199
1152921504606846975
1152921504606846975
1152921504606846975
1152921504606846975
1152921504606846975
1152921504606846975
1152921504606846975
1152921504606846975
1152921504606846975
1152921504606846975
1152921504606846975
1152921504606846975
1152921504606846975
1152921504606846975
1152921504606846975
1152921504606846975
36028797018963967
36028797018963967
36028797018963967
36028797018963967
36028797018963967
36028797018963967
36028797018963967
36028797018963967
36028797018963967
36028797018963967
36028797018963967
36028797018963967
36028797018963967
36028797018963967
36028797018963967
36028797018963967
0
0
0
0
0
0
0
0
0
0
0
0
0
0
0
0
0
0
0
0
0
0
0
0
0
0
0
0
0
0
0
0
0
0
0
0
0
0
0
0
0
0
0
0
0
0
0
0
0
0
0
0
0
0
0
0
0
0
0
0
0
0
0
0
0
0
0
0
0
0
0
0
0
0
0
0
0
0
0
0
0
0
0
0
0
0
0
0
0
0
0
0
0
0
0
0
0
0
0
0
0
0
0
0
0
0
0
0
0
0
0
0
0
0
0
0
0
0
0
0
0
0
0
0
0
0
0
0
0
0
0
0
0
0
0
0
0
0
0
0
0
0
0
0
0
0
0
0
0
0
0
0
0
0
0
0
0
0
0
0
0
0
0
0
0
0
0
0
0
0
0
0
0
0
0
0
0
0
0
0
0
0
0
0
0
0
0
0
0
0
0
0
0
0
0
0
0
0
0
0
0
0
0
0
0
0
0
0
0
0
0
0
0
0
0
0
0
0
0
0
0
0
0
0
0
0
0
0
0
0
0
0
0
0
0
0
0
0
0
0
0
0
0
0
0
0
0
0
0
0
0
0
0
0
0
0
0
0
0
0
0
0
0
0
0
0
0
0
0
0
0
0
0
0
0
0
0
0
0
0
0
0
0
0
0
0
0
0
0
0
0
0
0
0
0
0
0
0
0
0
0
0
0
0
0
0
0
0
0
0
0
0
0
0
0
0
0
0
0
0
0
0
0
0
0
0
0
0
0
0
0
0
0
0
0
0
0
0
0
0
0
0
0
0
0
0
0
0
0
0
0
0
0
0
0
0
0
0
0
0
0
0
0
0
0
0
0
0
0
0
0
0
0
0
0
0
0
0
0
0
0
0
0
0
