17800486357769390088
17800486357769390080
3965428302352482304
3965428302352482304
8577114320779870208
8577114320779870208
3965428302352482304
3965428302352482304
17800486323274907648
17800486323274907648
3965428267992743936
3965428267992743936
8577114286420131840
8577114286420131840
3965428267992743936
3965428267992743936
17728428763731462152
17728428763731462144
3893370708314554368
3893370708314554368
8505056726741942272
8505056726741942272
3893370708314554368
3893370708314554368
17728428729236979712
17728428729236979712
3893370673954816000
3893370673954816000
8505056692382203904
8505056692382203904
3893370673954816000
3893370673954816000
17584313575655606280
17584313575655606272
3749255520238698496
3749255520238698496
8360941538666086400
8360941538666086400
3749255520238698496
3749255520238698496
17584313541161123840
17584313541161123840
3749255485878960128
3749255485878960128
8360941504306348032
8360941504306348032
3749255485878960128
3749255485878960128
17584313575655606280
17584313575655606272
3749255520238698496
3749255520238698496
8360941538666086400
8360941538666086400
3749255520238698496
3749255520238698496
17584313541161123840
17584313541161123840
3749255485878960128
3749255485878960128
8360941504306348032
8360941504306348032
3749255485878960128
3749255485878960128
17800477527181885440
17800477527181885440
3965419471899721728
3965419471899721728
8577105490327109632
8577105490327109632
3965419471899721728
3965419471899721728
17800477527181885440
17800477527181885440
3965419471899721728
3965419471899721728
8577105490327109632
8577105490327109632
3965419471899721728
3965419471899721728
17728419933143957504
17728419933143957504
3893361877861793792
3893361877861793792
8505047896289181696
8505047896289181696
3893361877861793792
3893361877861793792
17728419933143957504
17728419933143957504
3893361877861793792
3893361877861793792
8505047896289181696
8505047896289181696
3893361877861793792
3893361877861793792
17584304745068101632
17584304745068101632
3749246689785937920
3749246689785937920
8360932708213325824
8360932708213325824
3749246689785937920
3749246689785937920
17584304745068101632
17584304745068101632
3749246689785937920
3749246689785937920
8360932708213325824
8360932708213325824
3749246689785937920
3749246689785937920
17584304745068101632
17584304745068101632
3749246689785937920
3749246689785937920
8360932708213325824
8360932708213325824
3749246689785937920
3749246689785937920
17584304745068101632
17584304745068101632
3749246689785937920
3749246689785937920
8360932708213325824
8360932708213325824
3749246689785937920
3749246689785937920
1659585293273532424
1659585293273532416
1659585293138788352
1659585293138788352
1659585293138788352
1659585293138788352
1659585293138788352
1659585293138788352
1659585258779049984
1659585258779049984
1659585258779049984
1659585258779049984
1659585258779049984
1659585258779049984
1659585258779049984
1659585258779049984
1587527699235604488
1587527699235604480
1587527699100860416
1587527699100860416
1587527699100860416
1587527699100860416
1587527699100860416
1587527699100860416
1587527664741122048
1587527664741122048
1587527664741122048
1587527664741122048
1587527664741122048
1587527664741122048
1587527664741122048
1587527664741122048
1443412511159748616
1443412511159748608
1443412511025004544
1443412511025004544
1443412511025004544
1443412511025004544
1443412511025004544
1443412511025004544
1443412476665266176
1443412476665266176
1443412476665266176
1443412476665266176
1443412476665266176
1443412476665266176
1443412476665266176
1443412476665266176
1443412511159748616
1443412511159748608
1443412511025004544
1443412511025004544
1443412511025004544
1443412511025004544
1443412511025004544
1443412511025004544
1443412476665266176
1443412476665266176
1443412476665266176
1443412476665266176
1443412476665266176
1443412476665266176
1443412476665266176
1443412476665266176
1659576462686027776
1659576462686027776
1659576462686027776
1659576462686027776
1659576462686027776
1659576462686027776
1659576462686027776
1659576462686027776
1659576462686027776
1659576462686027776
1659576462686027776
1659576462686027776
1659576462686027776
1659576462686027776
1659576462686027776
1659576462686027776
1587518868648099840
1587518868648099840
1587518868648099840
1587518868648099840
1587518868648099840
1587518868648099840
1587518868648099840
1587518868648099840
1587518868648099840
1587518868648099840
1587518868648099840
1587518868648099840
1587518868648099840
1587518868648099840
1587518868648099840
1587518868648099840
1443403680572243968
1443403680572243968
1443403680572243968
1443403680572243968
1443403680572243968
1443403680572243968
1443403680572243968
1443403680572243968
1443403680572243968
1443403680572243968
1443403680572243968
1443403680572243968
1443403680572243968
1443403680572243968
1443403680572243968
1443403680572243968
1443403680572243968
1443403680572243968
1443403680572243968
1443403680572243968
1443403680572243968
1443403680572243968
1443403680572243968
1443403680572243968
1443403680572243968
1443403680572243968
1443403680572243968
1443403680572243968
1443403680572243968
1443403680572243968
1443403680572243968
1443403680572243968
3965428302487226376
3965428302487226368
17800486357769388032
17800486357769388032
3965428302352482304
3965428302352482304
8577114320779870208
8577114320779870208
3965428267992743936
3965428267992743936
17800486323274907648
17800486323274907648
3965428267992743936
3965428267992743936
8577114286420131840
8577114286420131840
3893370708449298440
3893370708449298432
17728428763731460096
17728428763731460096
3893370708314554368
3893370708314554368
8505056726741942272
8505056726741942272
3893370673954816000
3893370673954816000
17728428729236979712
17728428729236979712
3893370673954816000
3893370673954816000
8505056692382203904
8505056692382203904
3749255520373442568
3749255520373442560
17584313575655604224
17584313575655604224
3749255520238698496
3749255520238698496
8360941538666086400
8360941538666086400
3749255485878960128
3749255485878960128
17584313541161123840
17584313541161123840
3749255485878960128
3749255485878960128
8360941504306348032
8360941504306348032
3749255520373442568
3749255520373442560
17584313575655604224
17584313575655604224
3749255520238698496
3749255520238698496
8360941538666086400
8360941538666086400
3749255485878960128
3749255485878960128
17584313541161123840
17584313541161123840
3749255485878960128
3749255485878960128
8360941504306348032
8360941504306348032
3965419471899721728
3965419471899721728
17800477527181885440
17800477527181885440
3965419471899721728
3965419471899721728
8577105490327109632
8577105490327109632
3965419471899721728
3965419471899721728
17800477527181885440
17800477527181885440
3965419471899721728
3965419471899721728
8577105490327109632
8577105490327109632
3893361877861793792
3893361877861793792
17728419933143957504
17728419933143957504
3893361877861793792
3893361877861793792
8505047896289181696
8505047896289181696
3893361877861793792
3893361877861793792
17728419933143957504
17728419933143957504
3893361877861793792
3893361877861793792
8505047896289181696
8505047896289181696
3749246689785937920
3749246689785937920
17584304745068101632
17584304745068101632
3749246689785937920
3749246689785937920
8360932708213325824
8360932708213325824
3749246689785937920
3749246689785937920
17584304745068101632
17584304745068101632
3749246689785937920
3749246689785937920
8360932708213325824
8360932708213325824
3749246689785937920
3749246689785937920
17584304745068101632
17584304745068101632
3749246689785937920
3749246689785937920
8360932708213325824
8360932708213325824
3749246689785937920
3749246689785937920
17584304745068101632
17584304745068101632
3749246689785937920
3749246689785937920
8360932708213325824
8360932708213325824
1659585293273532424
1659585293273532416
1659585293273530368
1659585293273530368
1659585293138788352
1659585293138788352
1659585293138788352
1659585293138788352
1659585258779049984
1659585258779049984
1659585258779049984
1659585258779049984
1659585258779049984
1659585258779049984
1659585258779049984
1659585258779049984
1587527699235604488
1587527699235604480
1587527699235602432
1587527699235602432
1587527699100860416
1587527699100860416
1587527699100860416
1587527699100860416
1587527664741122048
1587527664741122048
1587527664741122048
1587527664741122048
1587527664741122048
1587527664741122048
1587527664741122048
1587527664741122048
1443412511159748616
1443412511159748608
1443412511159746560
1443412511159746560
1443412511025004544
1443412511025004544
1443412511025004544
1443412511025004544
1443412476665266176
1443412476665266176
1443412476665266176
1443412476665266176
1443412476665266176
1443412476665266176
1443412476665266176
1443412476665266176
1443412511159748616
1443412511159748608
1443412511159746560
1443412511159746560
1443412511025004544
1443412511025004544
1443412511025004544
1443412511025004544
1443412476665266176
1443412476665266176
1443412476665266176
1443412476665266176
1443412476665266176
1443412476665266176
1443412476665266176
1443412476665266176
1659576462686027776
1659576462686027776
1659576462686027776
1659576462686027776
1659576462686027776
1659576462686027776
1659576462686027776
1659576462686027776
1659576462686027776
1659576462686027776
1659576462686027776
1659576462686027776
1659576462686027776
1659576462686027776
1659576462686027776
1659576462686027776
1587518868648099840
1587518868648099840
1587518868648099840
1587518868648099840
1587518868648099840
1587518868648099840
1587518868648099840
1587518868648099840
1587518868648099840
1587518868648099840
1587518868648099840
1587518868648099840
1587518868648099840
1587518868648099840
1587518868648099840
1587518868648099840
1443403680572243968
1443403680572243968
1443403680572243968
1443403680572243968
1443403680572243968
1443403680572243968
1443403680572243968
1443403680572243968
1443403680572243968
1443403680572243968
1443403680572243968
1443403680572243968
1443403680572243968
1443403680572243968
1443403680572243968
1443403680572243968
1443403680572243968
1443403680572243968
1443403680572243968
1443403680572243968
1443403680572243968
1443403680572243968
1443403680572243968
1443403680572243968
1443403680572243968
1443403680572243968
1443403680572243968
1443403680572243968
1443403680572243968
1443403680572243968
1443403680572243968
1443403680572243968
8577114320914614280
8577114320914614272
3965428302487224320
3965428302487224320
17800486357768863744
17800486357768863744
3965428302352482304
3965428302352482304
8577114286420131840
8577114286420131840
3965428267992743936
3965428267992743936
17800486323274907648
17800486323274907648
3965428267992743936
3965428267992743936
8505056726876686344
8505056726876686336
3893370708449296384
3893370708449296384
17728428763730935808
17728428763730935808
3893370708314554368
3893370708314554368
8505056692382203904
8505056692382203904
3893370673954816000
3893370673954816000
17728428729236979712
17728428729236979712
3893370673954816000
3893370673954816000
8360941538800830472
8360941538800830464
3749255520373440512
3749255520373440512
17584313575655079936
17584313575655079936
3749255520238698496
3749255520238698496
8360941504306348032
8360941504306348032
3749255485878960128
3749255485878960128
17584313541161123840
17584313541161123840
3749255485878960128
3749255485878960128
8360941538800830472
8360941538800830464
3749255520373440512
3749255520373440512
17584313575655079936
17584313575655079936
3749255520238698496
3749255520238698496
8360941504306348032
8360941504306348032
3749255485878960128
3749255485878960128
17584313541161123840
17584313541161123840
3749255485878960128
3749255485878960128
8577105490327109632
8577105490327109632
3965419471899721728
3965419471899721728
17800477527181885440
17800477527181885440
3965419471899721728
3965419471899721728
8577105490327109632
8577105490327109632
3965419471899721728
3965419471899721728
17800477527181885440
17800477527181885440
3965419471899721728
3965419471899721728
8505047896289181696
8505047896289181696
3893361877861793792
3893361877861793792
17728419933143957504
17728419933143957504
3893361877861793792
3893361877861793792
8505047896289181696
8505047896289181696
3893361877861793792
3893361877861793792
17728419933143957504
17728419933143957504
3893361877861793792
3893361877861793792
8360932708213325824
8360932708213325824
3749246689785937920
3749246689785937920
17584304745068101632
17584304745068101632
3749246689785937920
3749246689785937920
8360932708213325824
8360932708213325824
3749246689785937920
3749246689785937920
17584304745068101632
17584304745068101632
3749246689785937920
3749246689785937920
8360932708213325824
8360932708213325824
3749246689785937920
3749246689785937920
17584304745068101632
17584304745068101632
3749246689785937920
3749246689785937920
8360932708213325824
8360932708213325824
3749246689785937920
3749246689785937920
17584304745068101632
17584304745068101632
3749246689785937920
3749246689785937920
1659585293273532424
1659585293273532416
1659585293273530368
1659585293273530368
1659585293273006080
1659585293273006080
1659585293138788352
1659585293138788352
1659585258779049984
1659585258779049984
1659585258779049984
1659585258779049984
1659585258779049984
1659585258779049984
1659585258779049984
1659585258779049984
1587527699235604488
1587527699235604480
1587527699235602432
1587527699235602432
1587527699235078144
1587527699235078144
1587527699100860416
1587527699100860416
1587527664741122048
1587527664741122048
1587527664741122048
1587527664741122048
1587527664741122048
1587527664741122048
1587527664741122048
1587527664741122048
1443412511159748616
1443412511159748608
1443412511159746560
1443412511159746560
1443412511159222272
1443412511159222272
1443412511025004544
1443412511025004544
1443412476665266176
1443412476665266176
1443412476665266176
1443412476665266176
1443412476665266176
1443412476665266176
1443412476665266176
1443412476665266176
1443412511159748616
1443412511159748608
1443412511159746560
1443412511159746560
1443412511159222272
1443412511159222272
1443412511025004544
1443412511025004544
1443412476665266176
1443412476665266176
1443412476665266176
1443412476665266176
1443412476665266176
1443412476665266176
1443412476665266176
1443412476665266176
1659576462686027776
1659576462686027776
1659576462686027776
1659576462686027776
1659576462686027776
1659576462686027776
1659576462686027776
1659576462686027776
1659576462686027776
1659576462686027776
1659576462686027776
1659576462686027776
1659576462686027776
1659576462686027776
1659576462686027776
1659576462686027776
1587518868648099840
1587518868648099840
1587518868648099840
1587518868648099840
1587518868648099840
1587518868648099840
1587518868648099840
1587518868648099840
1587518868648099840
1587518868648099840
1587518868648099840
1587518868648099840
1587518868648099840
1587518868648099840
1587518868648099840
1587518868648099840
1443403680572243968
1443403680572243968
1443403680572243968
1443403680572243968
1443403680572243968
1443403680572243968
1443403680572243968
1443403680572243968
1443403680572243968
1443403680572243968
1443403680572243968
1443403680572243968
1443403680572243968
1443403680572243968
1443403680572243968
1443403680572243968
1443403680572243968
1443403680572243968
1443403680572243968
1443403680572243968
1443403680572243968
1443403680572243968
1443403680572243968
1443403680572243968
1443403680572243968
1443403680572243968
1443403680572243968
1443403680572243968
1443403680572243968
1443403680572243968
1443403680572243968
1443403680572243968
3965428302487226376
3965428302487226368
8577114320914612224
8577114320914612224
3965428302486700032
3965428302486700032
17800486357768863744
17800486357768863744
3965428267992743936
3965428267992743936
8577114286420131840
8577114286420131840
3965428267992743936
3965428267992743936
17800486323274907648
17800486323274907648
3893370708449298440
3893370708449298432
8505056726876684288
8505056726876684288
3893370708448772096
3893370708448772096
17728428763730935808
17728428763730935808
3893370673954816000
3893370673954816000
8505056692382203904
8505056692382203904
3893370673954816000
3893370673954816000
17728428729236979712
17728428729236979712
3749255520373442568
3749255520373442560
8360941538800828416
8360941538800828416
3749255520372916224
3749255520372916224
17584313575655079936
17584313575655079936
3749255485878960128
3749255485878960128
8360941504306348032
8360941504306348032
3749255485878960128
3749255485878960128
17584313541161123840
17584313541161123840
3749255520373442568
3749255520373442560
8360941538800828416
8360941538800828416
3749255520372916224
3749255520372916224
17584313575655079936
17584313575655079936
3749255485878960128
3749255485878960128
8360941504306348032
8360941504306348032
3749255485878960128
3749255485878960128
17584313541161123840
17584313541161123840
3965419471899721728
3965419471899721728
8577105490327109632
8577105490327109632
3965419471899721728
3965419471899721728
17800477527181885440
17800477527181885440
3965419471899721728
3965419471899721728
8577105490327109632
8577105490327109632
3965419471899721728
3965419471899721728
17800477527181885440
17800477527181885440
3893361877861793792
3893361877861793792
8505047896289181696
8505047896289181696
3893361877861793792
3893361877861793792
17728419933143957504
17728419933143957504
3893361877861793792
3893361877861793792
8505047896289181696
8505047896289181696
3893361877861793792
3893361877861793792
17728419933143957504
17728419933143957504
3749246689785937920
3749246689785937920
8360932708213325824
8360932708213325824
3749246689785937920
3749246689785937920
17584304745068101632
17584304745068101632
3749246689785937920
3749246689785937920
8360932708213325824
8360932708213325824
3749246689785937920
3749246689785937920
17584304745068101632
17584304745068101632
3749246689785937920
3749246689785937920
8360932708213325824
8360932708213325824
3749246689785937920
3749246689785937920
17584304745068101632
17584304745068101632
3749246689785937920
3749246689785937920
8360932708213325824
8360932708213325824
3749246689785937920
3749246689785937920
17584304745068101632
17584304745068101632
1659585293273532424
1659585293273532416
1659585293273530368
1659585293273530368
1659585293273006080
1659585293273006080
1659585293273006080
1659585293273006080
1659585258779049984
1659585258779049984
1659585258779049984
1659585258779049984
1659585258779049984
1659585258779049984
1659585258779049984
1659585258779049984
1587527699235604488
1587527699235604480
1587527699235602432
1587527699235602432
1587527699235078144
1587527699235078144
1587527699235078144
1587527699235078144
1587527664741122048
1587527664741122048
1587527664741122048
1587527664741122048
1587527664741122048
1587527664741122048
1587527664741122048
1587527664741122048
1443412511159748616
1443412511159748608
1443412511159746560
1443412511159746560
1443412511159222272
1443412511159222272
1443412511159222272
1443412511159222272
1443412476665266176
1443412476665266176
1443412476665266176
1443412476665266176
1443412476665266176
1443412476665266176
1443412476665266176
1443412476665266176
1443412511159748616
1443412511159748608
1443412511159746560
1443412511159746560
1443412511159222272
1443412511159222272
1443412511159222272
1443412511159222272
1443412476665266176
1443412476665266176
1443412476665266176
1443412476665266176
1443412476665266176
1443412476665266176
1443412476665266176
1443412476665266176
1659576462686027776
1659576462686027776
1659576462686027776
1659576462686027776
1659576462686027776
1659576462686027776
1659576462686027776
1659576462686027776
1659576462686027776
1659576462686027776
1659576462686027776
1659576462686027776
1659576462686027776
1659576462686027776
1659576462686027776
1659576462686027776
1587518868648099840
1587518868648099840
1587518868648099840
1587518868648099840
1587518868648099840
1587518868648099840
1587518868648099840
1587518868648099840
1587518868648099840
1587518868648099840
1587518868648099840
1587518868648099840
1587518868648099840
1587518868648099840
1587518868648099840
1587518868648099840
1443403680572243968
1443403680572243968
1443403680572243968
1443403680572243968
1443403680572243968
1443403680572243968
1443403680572243968
1443403680572243968
1443403680572243968
1443403680572243968
1443403680572243968
1443403680572243968
1443403680572243968
1443403680572243968
1443403680572243968
1443403680572243968
1443403680572243968
1443403680572243968
1443403680572243968
1443403680572243968
1443403680572243968
1443403680572243968
1443403680572243968
1443403680572243968
1443403680572243968
1443403680572243968
1443403680572243968
1443403680572243968
1443403680572243968
1443403680572243968
1443403680572243968
1443403680572243968
17800486357634646016
17800486357634646016
3965428302487224320
3965428302487224320
8577114320914087936
8577114320914087936
3965428302486700032
3965428302486700032
17800486323274907648
17800486323274907648
3965428267992743936
3965428267992743936
8577114286420131840
8577114286420131840
3965428267992743936
3965428267992743936
17728428763596718080
17728428763596718080
3893370708449296384
3893370708449296384
8505056726876160000
8505056726876160000
3893370708448772096
3893370708448772096
17728428729236979712
17728428729236979712
3893370673954816000
3893370673954816000
8505056692382203904
8505056692382203904
3893370673954816000
3893370673954816000
17584313575520862208
17584313575520862208
3749255520373440512
3749255520373440512
8360941538800304128
8360941538800304128
3749255520372916224
3749255520372916224
17584313541161123840
17584313541161123840
3749255485878960128
3749255485878960128
8360941504306348032
8360941504306348032
3749255485878960128
3749255485878960128
17584313575520862208
17584313575520862208
3749255520373440512
3749255520373440512
8360941538800304128
8360941538800304128
3749255520372916224
3749255520372916224
17584313541161123840
17584313541161123840
3749255485878960128
3749255485878960128
8360941504306348032
8360941504306348032
3749255485878960128
3749255485878960128
17800477527181885440
17800477527181885440
3965419471899721728
3965419471899721728
8577105490327109632
8577105490327109632
3965419471899721728
3965419471899721728
17800477527181885440
17800477527181885440
3965419471899721728
3965419471899721728
8577105490327109632
8577105490327109632
3965419471899721728
3965419471899721728
17728419933143957504
17728419933143957504
3893361877861793792
3893361877861793792
8505047896289181696
8505047896289181696
3893361877861793792
3893361877861793792
17728419933143957504
17728419933143957504
3893361877861793792
3893361877861793792
8505047896289181696
8505047896289181696
3893361877861793792
3893361877861793792
17584304745068101632
17584304745068101632
3749246689785937920
3749246689785937920
8360932708213325824
8360932708213325824
3749246689785937920
3749246689785937920
17584304745068101632
17584304745068101632
3749246689785937920
3749246689785937920
8360932708213325824
8360932708213325824
3749246689785937920
3749246689785937920
17584304745068101632
17584304745068101632
3749246689785937920
3749246689785937920
8360932708213325824
8360932708213325824
3749246689785937920
3749246689785937920
17584304745068101632
17584304745068101632
3749246689785937920
3749246689785937920
8360932708213325824
8360932708213325824
3749246689785937920
3749246689785937920
1659585293138788352
1659585293138788352
1659585293273530368
1659585293273530368
1659585293273006080
1659585293273006080
1659585293273006080
1659585293273006080
1659585258779049984
1659585258779049984
1659585258779049984
1659585258779049984
1659585258779049984
1659585258779049984
1659585258779049984
1659585258779049984
1587527699100860416
1587527699100860416
1587527699235602432
1587527699235602432
1587527699235078144
1587527699235078144
1587527699235078144
1587527699235078144
1587527664741122048
1587527664741122048
1587527664741122048
1587527664741122048
1587527664741122048
1587527664741122048
1587527664741122048
1587527664741122048
1443412511025004544
1443412511025004544
1443412511159746560
1443412511159746560
1443412511159222272
1443412511159222272
1443412511159222272
1443412511159222272
1443412476665266176
1443412476665266176
1443412476665266176
1443412476665266176
1443412476665266176
1443412476665266176
1443412476665266176
1443412476665266176
1443412511025004544
1443412511025004544
1443412511159746560
1443412511159746560
1443412511159222272
1443412511159222272
1443412511159222272
1443412511159222272
1443412476665266176
1443412476665266176
1443412476665266176
1443412476665266176
1443412476665266176
1443412476665266176
1443412476665266176
1443412476665266176
1659576462686027776
1659576462686027776
1659576462686027776
1659576462686027776
1659576462686027776
1659576462686027776
1659576462686027776
1659576462686027776
1659576462686027776
1659576462686027776
1659576462686027776
1659576462686027776
1659576462686027776
1659576462686027776
1659576462686027776
1659576462686027776
1587518868648099840
1587518868648099840
1587518868648099840
1587518868648099840
1587518868648099840
1587518868648099840
1587518868648099840
1587518868648099840
1587518868648099840
1587518868648099840
1587518868648099840
1587518868648099840
1587518868648099840
1587518868648099840
1587518868648099840
1587518868648099840
1443403680572243968
1443403680572243968
1443403680572243968
1443403680572243968
1443403680572243968
1443403680572243968
1443403680572243968
1443403680572243968
1443403680572243968
1443403680572243968
1443403680572243968
1443403680572243968
1443403680572243968
1443403680572243968
1443403680572243968
1443403680572243968
1443403680572243968
1443403680572243968
1443403680572243968
1443403680572243968
1443403680572243968
1443403680572243968
1443403680572243968
1443403680572243968
1443403680572243968
1443403680572243968
1443403680572243968
1443403680572243968
1443403680572243968
1443403680572243968
1443403680572243968
1443403680572243968
3965428302352482304
3965428302352482304
17800486357634646016
17800486357634646016
3965428302486700032
3965428302486700032
8577114320914087936
8577114320914087936
3965428267992743936
3965428267992743936
17800486323274907648
17800486323274907648
3965428267992743936
3965428267992743936
8577114286420131840
8577114286420131840
3893370708314554368
3893370708314554368
17728428763596718080
17728428763596718080
3893370708448772096
3893370708448772096
8505056726876160000
8505056726876160000
3893370673954816000
3893370673954816000
17728428729236979712
17728428729236979712
3893370673954816000
3893370673954816000
8505056692382203904
8505056692382203904
3749255520238698496
3749255520238698496
17584313575520862208
17584313575520862208
3749255520372916224
3749255520372916224
8360941538800304128
8360941538800304128
3749255485878960128
3749255485878960128
17584313541161123840
17584313541161123840
3749255485878960128
3749255485878960128
8360941504306348032
8360941504306348032
3749255520238698496
3749255520238698496
17584313575520862208
17584313575520862208
3749255520372916224
3749255520372916224
8360941538800304128
8360941538800304128
3749255485878960128
3749255485878960128
17584313541161123840
17584313541161123840
3749255485878960128
3749255485878960128
8360941504306348032
8360941504306348032
3965419471899721728
3965419471899721728
17800477527181885440
17800477527181885440
3965419471899721728
3965419471899721728
8577105490327109632
8577105490327109632
3965419471899721728
3965419471899721728
17800477527181885440
17800477527181885440
3965419471899721728
3965419471899721728
8577105490327109632
8577105490327109632
3893361877861793792
3893361877861793792
17728419933143957504
17728419933143957504
3893361877861793792
3893361877861793792
8505047896289181696
8505047896289181696
3893361877861793792
3893361877861793792
17728419933143957504
17728419933143957504
3893361877861793792
3893361877861793792
8505047896289181696
8505047896289181696
3749246689785937920
3749246689785937920
17584304745068101632
17584304745068101632
3749246689785937920
3749246689785937920
8360932708213325824
8360932708213325824
3749246689785937920
3749246689785937920
17584304745068101632
17584304745068101632
3749246689785937920
3749246689785937920
8360932708213325824
8360932708213325824
3749246689785937920
3749246689785937920
17584304745068101632
17584304745068101632
3749246689785937920
3749246689785937920
8360932708213325824
8360932708213325824
3749246689785937920
3749246689785937920
17584304745068101632
17584304745068101632
3749246689785937920
3749246689785937920
8360932708213325824
8360932708213325824
1659585293138788352
1659585293138788352
1659585293138788352
1659585293138788352
1659585293273006080
1659585293273006080
1659585293273006080
1659585293273006080
1659585258779049984
1659585258779049984
1659585258779049984
1659585258779049984
1659585258779049984
1659585258779049984
1659585258779049984
1659585258779049984
1587527699100860416
1587527699100860416
1587527699100860416
1587527699100860416
1587527699235078144
1587527699235078144
1587527699235078144
1587527699235078144
1587527664741122048
1587527664741122048
1587527664741122048
1587527664741122048
1587527664741122048
1587527664741122048
1587527664741122048
1587527664741122048
1443412511025004544
1443412511025004544
1443412511025004544
1443412511025004544
1443412511159222272
1443412511159222272
1443412511159222272
1443412511159222272
1443412476665266176
1443412476665266176
1443412476665266176
1443412476665266176
1443412476665266176
1443412476665266176
1443412476665266176
1443412476665266176
1443412511025004544
1443412511025004544
1443412511025004544
1443412511025004544
1443412511159222272
1443412511159222272
1443412511159222272
1443412511159222272
1443412476665266176
1443412476665266176
1443412476665266176
1443412476665266176
1443412476665266176
1443412476665266176
1443412476665266176
1443412476665266176
1659576462686027776
1659576462686027776
1659576462686027776
1659576462686027776
1659576462686027776
1659576462686027776
1659576462686027776
1659576462686027776
1659576462686027776
1659576462686027776
1659576462686027776
1659576462686027776
1659576462686027776
1659576462686027776
1659576462686027776
1659576462686027776
1587518868648099840
1587518868648099840
1587518868648099840
1587518868648099840
1587518868648099840
1587518868648099840
1587518868648099840
1587518868648099840
1587518868648099840
1587518868648099840
1587518868648099840
1587518868648099840
1587518868648099840
1587518868648099840
1587518868648099840
1587518868648099840
1443403680572243968
1443403680572243968
1443403680572243968
1443403680572243968
1443403680572243968
1443403680572243968
1443403680572243968
1443403680572243968
1443403680572243968
1443403680572243968
1443403680572243968
1443403680572243968
1443403680572243968
1443403680572243968
1443403680572243968
1443403680572243968
1443403680572243968
1443403680572243968
1443403680572243968
1443403680572243968
1443403680572243968
1443403680572243968
1443403680572243968
1443403680572243968
1443403680572243968
1443403680572243968
1443403680572243968
1443403680572243968
1443403680572243968
1443403680572243968
1443403680572243968
1443403680572243968
8577114320779870208
8577114320779870208
3965428302352482304
3965428302352482304
17800486357634646016
17800486357634646016
3965428302486700032
3965428302486700032
8577114286420131840
8577114286420131840
3965428267992743936
3965428267992743936
17800486323274907648
17800486323274907648
3965428267992743936
3965428267992743936
8505056726741942272
8505056726741942272
3893370708314554368
3893370708314554368
17728428763596718080
17728428763596718080
3893370708448772096
3893370708448772096
8505056692382203904
8505056692382203904
3893370673954816000
3893370673954816000
17728428729236979712
17728428729236979712
3893370673954816000
3893370673954816000
8360941538666086400
8360941538666086400
3749255520238698496
3749255520238698496
17584313575520862208
17584313575520862208
3749255520372916224
3749255520372916224
8360941504306348032
8360941504306348032
3749255485878960128
3749255485878960128
17584313541161123840
17584313541161123840
3749255485878960128
3749255485878960128
8360941538666086400
8360941538666086400
3749255520238698496
3749255520238698496
17584313575520862208
17584313575520862208
3749255520372916224
3749255520372916224
8360941504306348032
8360941504306348032
3749255485878960128
3749255485878960128
17584313541161123840
17584313541161123840
3749255485878960128
3749255485878960128
8577105490327109632
8577105490327109632
3965419471899721728
3965419471899721728
17800477527181885440
17800477527181885440
3965419471899721728
3965419471899721728
8577105490327109632
8577105490327109632
3965419471899721728
3965419471899721728
17800477527181885440
17800477527181885440
3965419471899721728
3965419471899721728
8505047896289181696
8505047896289181696
3893361877861793792
3893361877861793792
17728419933143957504
17728419933143957504
3893361877861793792
3893361877861793792
8505047896289181696
8505047896289181696
3893361877861793792
3893361877861793792
17728419933143957504
17728419933143957504
3893361877861793792
3893361877861793792
8360932708213325824
8360932708213325824
3749246689785937920
3749246689785937920
17584304745068101632
17584304745068101632
3749246689785937920
3749246689785937920
8360932708213325824
8360932708213325824
3749246689785937920
3749246689785937920
17584304745068101632
17584304745068101632
3749246689785937920
3749246689785937920
8360932708213325824
8360932708213325824
3749246689785937920
3749246689785937920
17584304745068101632
17584304745068101632
3749246689785937920
3749246689785937920
8360932708213325824
8360932708213325824
3749246689785937920
3749246689785937920
17584304745068101632
17584304745068101632
3749246689785937920
3749246689785937920
1659585293138788352
1659585293138788352
1659585293138788352
1659585293138788352
1659585293138788352
1659585293138788352
1659585293273006080
1659585293273006080
1659585258779049984
1659585258779049984
1659585258779049984
1659585258779049984
1659585258779049984
1659585258779049984
1659585258779049984
1659585258779049984
1587527699100860416
1587527699100860416
1587527699100860416
1587527699100860416
1587527699100860416
1587527699100860416
1587527699235078144
1587527699235078144
1587527664741122048
1587527664741122048
1587527664741122048
1587527664741122048
1587527664741122048
1587527664741122048
1587527664741122048
1587527664741122048
1443412511025004544
1443412511025004544
1443412511025004544
1443412511025004544
1443412511025004544
1443412511025004544
1443412511159222272
1443412511159222272
1443412476665266176
1443412476665266176
1443412476665266176
1443412476665266176
1443412476665266176
1443412476665266176
1443412476665266176
1443412476665266176
1443412511025004544
1443412511025004544
1443412511025004544
1443412511025004544
1443412511025004544
1443412511025004544
1443412511159222272
1443412511159222272
1443412476665266176
1443412476665266176
1443412476665266176
1443412476665266176
1443412476665266176
1443412476665266176
1443412476665266176
1443412476665266176
1659576462686027776
1659576462686027776
1659576462686027776
1659576462686027776
1659576462686027776
1659576462686027776
1659576462686027776
1659576462686027776
1659576462686027776
1659576462686027776
1659576462686027776
1659576462686027776
1659576462686027776
1659576462686027776
1659576462686027776
1659576462686027776
1587518868648099840
1587518868648099840
1587518868648099840
1587518868648099840
1587518868648099840
1587518868648099840
1587518868648099840
1587518868648099840
1587518868648099840
1587518868648099840
1587518868648099840
1587518868648099840
1587518868648099840
1587518868648099840
1587518868648099840
1587518868648099840
1443403680572243968
1443403680572243968
1443403680572243968
1443403680572243968
1443403680572243968
1443403680572243968
1443403680572243968
1443403680572243968
1443403680572243968
1443403680572243968
1443403680572243968
1443403680572243968
1443403680572243968
1443403680572243968
1443403680572243968
1443403680572243968
1443403680572243968
1443403680572243968
1443403680572243968
1443403680572243968
1443403680572243968
1443403680572243968
1443403680572243968
1443403680572243968
1443403680572243968
1443403680572243968
1443403680572243968
1443403680572243968
1443403680572243968
1443403680572243968
1443403680572243968
1443403680572243968
3965428302352482304
3965428302352482304
8577114320779870208
8577114320779870208
3965428302352482304
3965428302352482304
17800486357634646016
17800486357634646016
3965428267992743936
3965428267992743936
8577114286420131840
8577114286420131840
3965428267992743936
3965428267992743936
17800486323274907648
17800486323274907648
3893370708314554368
3893370708314554368
8505056726741942272
8505056726741942272
3893370708314554368
3893370708314554368
17728428763596718080
17728428763596718080
3893370673954816000
3893370673954816000
8505056692382203904
8505056692382203904
3893370673954816000
3893370673954816000
17728428729236979712
17728428729236979712
3749255520238698496
3749255520238698496
8360941538666086400
8360941538666086400
3749255520238698496
3749255520238698496
17584313575520862208
17584313575520862208
3749255485878960128
3749255485878960128
8360941504306348032
8360941504306348032
3749255485878960128
3749255485878960128
17584313541161123840
17584313541161123840
3749255520238698496
3749255520238698496
8360941538666086400
8360941538666086400
3749255520238698496
3749255520238698496
17584313575520862208
17584313575520862208
3749255485878960128
3749255485878960128
8360941504306348032
8360941504306348032
3749255485878960128
3749255485878960128
17584313541161123840
17584313541161123840
3965419471899721728
3965419471899721728
8577105490327109632
8577105490327109632
3965419471899721728
3965419471899721728
17800477527181885440
17800477527181885440
3965419471899721728
3965419471899721728
8577105490327109632
8577105490327109632
3965419471899721728
3965419471899721728
17800477527181885440
17800477527181885440
3893361877861793792
3893361877861793792
8505047896289181696
8505047896289181696
3893361877861793792
3893361877861793792
17728419933143957504
17728419933143957504
3893361877861793792
3893361877861793792
8505047896289181696
8505047896289181696
3893361877861793792
3893361877861793792
17728419933143957504
17728419933143957504
3749246689785937920
3749246689785937920
8360932708213325824
8360932708213325824
3749246689785937920
3749246689785937920
17584304745068101632
17584304745068101632
3749246689785937920
3749246689785937920
8360932708213325824
8360932708213325824
3749246689785937920
3749246689785937920
17584304745068101632
17584304745068101632
3749246689785937920
3749246689785937920
8360932708213325824
8360932708213325824
3749246689785937920
3749246689785937920
17584304745068101632
17584304745068101632
3749246689785937920
3749246689785937920
8360932708213325824
8360932708213325824
3749246689785937920
3749246689785937920
17584304745068101632
17584304745068101632
1659585293138788352
1659585293138788352
1659585293138788352
1659585293138788352
1659585293138788352
1659585293138788352
1659585293138788352
1659585293138788352
1659585258779049984
1659585258779049984
1659585258779049984
1659585258779049984
1659585258779049984
1659585258779049984
1659585258779049984
1659585258779049984
1587527699100860416
1587527699100860416
1587527699100860416
1587527699100860416
1587527699100860416
1587527699100860416
1587527699100860416
1587527699100860416
1587527664741122048
1587527664741122048
1587527664741122048
1587527664741122048
1587527664741122048
1587527664741122048
1587527664741122048
1587527664741122048
1443412511025004544
1443412511025004544
1443412511025004544
1443412511025004544
1443412511025004544
1443412511025004544
1443412511025004544
1443412511025004544
1443412476665266176
1443412476665266176
1443412476665266176
1443412476665266176
1443412476665266176
1443412476665266176
1443412476665266176
1443412476665266176
1443412511025004544
1443412511025004544
1443412511025004544
1443412511025004544
1443412511025004544
1443412511025004544
1443412511025004544
1443412511025004544
1443412476665266176
1443412476665266176
1443412476665266176
1443412476665266176
1443412476665266176
1443412476665266176
1443412476665266176
1443412476665266176
1659576462686027776
1659576462686027776
1659576462686027776
1659576462686027776
1659576462686027776
1659576462686027776
1659576462686027776
1659576462686027776
1659576462686027776
1659576462686027776
1659576462686027776
1659576462686027776
1659576462686027776
1659576462686027776
1659576462686027776
1659576462686027776
1587518868648099840
1587518868648099840
1587518868648099840
1587518868648099840
1587518868648099840
1587518868648099840
1587518868648099840
1587518868648099840
1587518868648099840
1587518868648099840
1587518868648099840
1587518868648099840
1587518868648099840
1587518868648099840
1587518868648099840
1587518868648099840
1443403680572243968
1443403680572243968
1443403680572243968
1443403680572243968
1443403680572243968
1443403680572243968
1443403680572243968
1443403680572243968
1443403680572243968
1443403680572243968
1443403680572243968
1443403680572243968
1443403680572243968
1443403680572243968
1443403680572243968
1443403680572243968
1443403680572243968
1443403680572243968
1443403680572243968
1443403680572243968
1443403680572243968
1443403680572243968
1443403680572243968
1443403680572243968
1443403680572243968
1443403680572243968
1443403680572243968
1443403680572243968
1443403680572243968
1443403680572243968
1443403680572243968
1443403680572243968
0
0
0
0
0
0
0
0
0
0
0
0
0
0
0
0
0
0
0
0
0
0
0
0
0
0
0
0
0
0
0
0
0
0
0
0
0
0
0
0
0
0
0
0
0
0
0
0
0
0
0
0
0
0
0
0
0
0
0
0
0
0
0
0
0
0
0
0
0
0
0
0
0
0
0
0
0
0
0
0
0
0
0
0
0
0
0
0
0
0
0
0
0
0
0
0
0
0
0
0
0
0
0
0
0
0
0
0
0
0
0
0
0
0
0
0
0
0
0
0
0
0
0
0
0
0
0
0
0
0
0
0
0
0
0
0
0
0
0
0
0
0
0
0
0
0
0
0
0
0
0
0
0
0
0
0
0
0
0
0
0
0
0
0
0
0
0
0
0
0
0
0
0
0
0
0
0
0
0
0
0
0
0
0
0
0
0
0
0
0
0
0
0
0
0
0
0
0
0
0
0
0
0
0
0
0
0
0
0
0
0
0
0
0
0
0
0
0
0
0
0
0
0
0
0
0
0
0
0
0
0
0
0
0
0
0
0
0
0
0
0
0
0
0
0
0
0
0
0
0
0
0
0
0
0
0
0
0
0
0
0
0
0
0
0
0
0
0
0
0
0
0
0
0
0
0
0
0
0
0
0
0
0
0
0
0
0
0
0
0
0
0
0
0
0
0
0
0
0
0
0
0
0
0
0
0
0
0
0
0
0
0
0
0
0
0
0
0
0
0
0
0
0
0
0
0
0
0
0
0
0
0
0
0
0
0
0
0
0
0
0
0
0
0
0
0
0
0
0
0
0
0
0
0
0
0
0
0
0
0
0
0
0
0
0
0
0
0
0
0
0
0
0
0
0
0
0
0
0
0
0
0
0
0
0
0
0
0
0
0
0
0
0
0
0
0
0
0
0
0
0
0
0
0
0
0
0
0
0
0
0
0
0
0
0
0
0
0
0
0
0
0
0
0
0
0
0
0
0
0
0
0
0
0
0
0
0
0
0
0
0
0
0
0
0
0
0
0
0
0
0
0
0
0
0
0
0
0
0
0
0
0
0
0
0
0
0
0
0
0
0
0
0
0
0
0
0
0
0
0
0
0
0
0
0
0
0
0
0
0
0
0
0
0
0
0
0
0
0
0
0
0
0
0
0
0
0
0
0
0
0
0
0
0
0
0
0
0
0
0
0
0
0
0
0
0
0
0
0
0
0
0
0
0
0
0
0
0
0
0
0
0
0
0
0
0
0
0
0
0
0
0
0
0
0
0
0
0
0
0
0
0
0
0
0
0
0
0
0
0
0
0
0
0
0
0
0
0
0
0
0
0
0
0
0
0
0
0
0
0
0
0
0
0
0
0
0
0
0
0
0
0
0
0
0
0
0
0
0
0
0
0
0
0
0
0
0
0
0
0
0
0
0
0
0
0
0
0
0
0
0
0
0
0
0
0
0
0
0
0
0
0
0
0
0
0
0
0
0
0
0
0
0
0
0
0
0
0
0
0
0
0
0
0
0
0
0
0
0
0
0
0
0
0
0
0
0
0
0
0
0
0
0
0
0
0
0
0
0
0
0
0
0
0
0
0
0
0
0
0
0
0
0
0
0
0
0
0
0
0
0
0
0
0
0
0
0
0
0
0
0
0
0
0
0
0
0
0
0
0
0
0
0
0
0
0
0
0
0
0
0
0
0
0
0
0
0
0
0
0
0
0
0
0
0
0
0
0
0
0
0
0
0
0
0
0
0
0
0
0
0
0
0
0
0
0
0
0
0
0
0
0
0
0
0
0
0
0
0
0
0
0
0
0
0
0
0
0
0
0
0
0
0
0
0
0
0
0
0
0
0
0
0
0
0
0
0
0
0
0
0
0
0
0
0
0
0
0
0
0
0
0
0
0
0
0
0
0
0
0
0
0
0
0
0
0
0
0
0
0
0
0
0
0
0
0
0
0
0
0
0
0
0
0
0
0
0
0
0
0
0
0
0
0
0
0
0
0
0
0
0
0
0
0
0
0
0
0
0
0
0
0
0
0
0
0
0
0
0
0
0
0
0
0
0
0
0
0
0
0
0
0
0
0
0
0
0
0
0
0
0
0
0
0
0
0
0
0
0
0
0
0
0
0
0
0
0
0
0
0
0
0
0
0
0
0
0
0
0
0
0
0
0
0
0
0
0
0
0
0
0
0
0
0
0
0
0
0
0
0
0
0
0
0
0
0
0
0
0
0
0
0
0
0
0
0
0
0
0
0
0
0
0
0
0
0
0
0
0
0
0
0
0
0
0
0
0
0
0
0
0
0
0
0
0
0
0
0
0
0
0
0
0
0
0
0
0
0
0
0
0
0
0
0
0
0
0
0
0
0
0
0
0
0
0
0
0
0
0
0
0
0
0
0
0
0
0
0
0
0
0
0
0
0
0
0
0
0
0
0
0
0
0
0
0
0
0
0
0
0
0
0
0
0
0
0
0
0
0
0
0
0
0
0
0
0
0
0
0
0
0
0
0
0
0
0
0
0
0
0
0
0
0
0
0
0
0
0
0
0
0
0
0
0
0
0
0
0
0
0
0
0
0
0
0
0
0
0
0
0
0
0
0
0
0
0
0
0
0
0
0
0
0
0
0
0
0
0
0
0
0
0
0
0
0
0
0
0
0
0
0
0
0
0
0
0
0
0
0
0
0
0
0
0
0
0
0
0
0
0
0
0
0
0
0
0
0
0
0
0
0
0
0
0
0
0
0
0
0
0
0
0
0
0
0
0
0
0
0
0
0
0
0
0
0
0
0
0
0
0
0
0
0
0
0
0
0
0
0
0
0
0
0
0
0
0
0
0
0
0
0
0
0
0
0
0
0
0
0
0
0
0
0
0
0
0
0
0
0
0
0
0
0
0
0
0
0
0
0
0
0
0
0
0
0
0
0
0
0
0
0
0
0
0
0
0
0
0
0
0
0
0
0
0
0
0
0
0
0
0
0
0
0
0
0
0
0
0
0
0
0
0
0
0
0
0
0
0
0
0
0
0
0
0
0
0
0
0
0
0
0
0
0
0
0
0
0
0
0
0
0
0
0
0
0
0
0
0
0
0
0
0
0
0
0
0
0
0
0
0
0
0
0
0
0
0
0
0
0
0
0
0
0
0
0
0
0
0
0
0
0
0
0
0
0
0
0
0
0
0
0
0
0
0
0
0
0
0
0
0
0
0
0
0
0
0
0
0
0
0
0
0
0
0
0
0
0
0
0
0
0
0
0
0
0
0
0
0
0
0
0
0
0
0
0
0
0
0
0
0
0
0
0
0
0
0
0
0
0
0
0
0
0
0
0
0
0
0
0
0
0
0
0
0
0
0
0
0
0
0
0
0
0
0
0
0
0
0
0
0
0
0
0
0
0
0
0
0
0
0
0
0
0
0
0
0
0
0
0
0
0
0
0
0
0
0
0
0
0
0
0
0
0
0
0
0
0
0
0
0
0
0
0
0
0
0
0
0
0
0
0
0
0
0
0
0
0
0
0
0
0
0
0
0
0
0
0
0
0
0
0
0
0
0
0
0
0
0
0
0
0
0
0
0
0
0
0
0
0
0
0
0
0
0
0
0
0
0
0
0
0
0
0
0
0
0
0
0
0
0
0
0
0
0
0
0
0
0
0
0
0
0
0
0
0
0
0
0
0
0
0
0
0
0
0
0
0
0
0
0
0
0
0
0
0
0
0
0
0
0
0
0
0
0
0
0
0
0
0
0
0
0
0
0
0
0
0
0
0
0
0
0
0
0
0
0
0
0
0
0
0
0
0
0
0
0
0
0
0
0
0
0
0
0
0
0
0
0
0
0
0
0
0
0
0
0
0
0
0
0
0
0
0
0
0
0
0
0
0
0
0
0
0
0
0
0
0
0
0
0
0
0
0
0
0
0
0
0
0
0
0
0
0
0
0
0
0
0
0
0
0
0
0
0
0
0
0
0
0
0
0
0
0
0
0
0
0
0
0
0
0
0
0
0
0
0
0
0
0
0
0
0
0
0
0
0
0
0
0
0
0
0
0
0
0
0
0
0
0
0
0
0
0
0
0
0
0
0
0
0
0
0
0
0
0
0
0
0
0
0
0
0
0
0
0
0
0
0
0
0
0
0
0
0
0
0
0
0
0
0
0
0
0
0
0
0
0
0
0
0
0
0
0
0
0
0
0
0
0
0
0
0
0
0
0
0
0
0
0
0
0
0
0
0
0
0
0
0
0
0
0
0
0
0
0
0
0
0
0
0
0
0
0
0
0
0
0
0
0
0
0
0
0
0
0
0
0
0
0
0
0
0
0
0
0
0
0
0
0
0
0
0
0
0
0
0
0
0
0
0
0
0
0
0
0
0
0
0
0
0
0
0
0
0
0
0
0
0
0
0
0
0
0
0
0
0
0
0
0
0
0
0
0
0
0
0
0
0
0
0
0
0
0
0
0
0
0
0
0
0
0
0
0
0
0
0
0
0
0
0
0
0
0
0
0
0
0
0
0
0
0
0
0
0
0
0
0
0
0
0
0
0
0
0
0
0
0
0
0
0
0
0
0
0
0
0
0
0
0
0
0
0
0
0
0
0
0
0
0
0
0
0
0
0
0
0
0
0
0
0
0
0
0
0
0
0
0
0
