36100411639206946
36100411639206944
36099312127579170
36099312127579168
36100411639206914
36100411639206912
36099312127579138
36099312127579136
71614620242978
71614620242976
70515108615202
70515108615200
71614620242946
71614620242944
70515108615170
70515108615168
36099303537644578
36099303537644576
36099303537644578
36099303537644576
36099303537644546
36099303537644544
36099303537644546
36099303537644544
70506518680610
70506518680608
70506518680610
70506518680608
70506518680578
70506518680576
70506518680578
70506518680576
1245876065314
1245876065312
146364437538
146364437536
1245876065282
1245876065280
146364437506
146364437504
1245876065314
1245876065312
146364437538
146364437536
1245876065282
1245876065280
146364437506
146364437504
137774502946
137774502944
137774502946
137774502944
137774502914
137774502912
137774502914
137774502912
137774502946
137774502944
137774502946
137774502944
137774502914
137774502912
137774502914
137774502912
1108437111842
1108437111840
8925484066
8925484064
1108437111810
1108437111808
8925484034
8925484032
1108437111842
1108437111840
8925484066
8925484064
1108437111810
1108437111808
8925484034
8925484032
335549474
335549472
335549474
335549472
335549442
335549440
335549442
335549440
335549474
335549472
335549474
335549472
335549442
335549440
335549442
335549440
1108437111842
1108437111840
8925484066
8925484064
1108437111810
1108437111808
8925484034
8925484032
1108437111842
1108437111840
8925484066
8925484064
1108437111810
1108437111808
8925484034
8925484032
335549474
335549472
335549474
335549472
335549442
335549440
335549442
335549440
335549474
335549472
335549474
335549472
335549442
335549440
335549442
335549440
0
0
0
0
0
0
0
0
0
0
0
0
0
0
0
0
0
0
0
0
0
0
0
0
0
0
0
0
0
0
0
0
0
0
0
0
0
0
0
0
0
0
0
0
0
0
0
0
0
0
0
0
0
0
0
0
0
0
0
0
0
0
0
0
0
0
0
0
0
0
0
0
0
0
0
0
0
0
0
0
0
0
0
0
0
0
0
0
0
0
0
0
0
0
0
0
0
0
0
0
0
0
0
0
0
0
0
0
0
0
0
0
0
0
0
0
0
0
0
0
0
0
0
0
0
0
0
0
0
0
0
0
0
0
0
0
0
0
0
0
0
0
0
0
0
0
0
0
0
0
0
0
0
0
0
0
0
0
0
0
0
0
0
0
0
0
0
0
0
0
0
0
0
0
0
0
0
0
0
0
0
0
0
0
0
0
0
0
0
0
0
0
0
0
0
0
0
0
0
0
0
0
0
0
0
0
0
0
0
0
0
0
0
0
0
0
0
0
0
0
0
0
0
0
0
0
0
0
0
0
0
0
0
0
0
0
0
0
0
0
0
0
0
0
0
0
0
0
0
0
0
0
0
0
0
0
0
0
0
0
0
0
0
0
0
0
0
0
0
0
0
0
0
0
0
0
0
0
0
0
0
0
0
0
0
0
0
0
0
0
0
0
0
0
0
0
0
0
0
0
0
0
0
0
0
0
0
0
0
0
0
0
0
0
0
0
0
0
0
0
0
0
0
0
0
0
0
0
0
0
0
0
0
0
0
0
0
0
0
0
0
0
0
0
0
0
0
0
0
0
0
0
0
0
0
0
0
0
0
0
0
0
0
0
0
0
0
0
0
0
0
0
0
0
0
0
0
0
0
0
0
0
0
0
