424704217196612
141030217230404
424704217196608
141030217230400
671098948
671098948
671098944
671098944
424704217196548
141030217230340
424704217196544
141030217230336
671098884
671098884
671098880
671098880
141013037361220
141013037361220
141013037361216
141013037361216
283966728841284
292728875076
283966728841280
292728875072
141013037361156
141013037361156
141013037361152
141013037361152
283966728841220
292728875012
283966728841216
292728875008
143229240485956
141030217230404
143229240485952
141030217230400
275549005892
275549005892
275549005888
275549005888
143229240485892
141030217230340
143229240485888
141030217230336
275549005828
275549005828
275549005824
275549005824
141013037361220
141013037361220
141013037361216
141013037361216
2491752130628
292728875076
2491752130624
292728875072
141013037361156
141013037361156
141013037361152
141013037361152
2491752130564
292728875012
2491752130560
292728875008
283691850934340
17850968132
283691850934336
17850968128
275549005892
275549005892
275549005888
275549005888
283691850934276
17850968068
283691850934272
17850968064
275549005828
275549005828
275549005824
275549005824
671098948
671098948
671098944
671098944
283691850934340
17850968132
283691850934336
17850968128
671098884
671098884
671098880
671098880
283691850934276
17850968068
283691850934272
17850968064
2216874223684
17850968132
2216874223680
17850968128
671098948
671098948
671098944
671098944
2216874223620
17850968068
2216874223616
17850968064
671098884
671098884
671098880
671098880
671098948
671098948
671098944
671098944
2216874223684
17850968132
2216874223680
17850968128
671098884
671098884
671098880
671098880
2216874223620
17850968068
2216874223616
17850968064
0
0
0
0
0
0
0
0
0
0
0
0
0
0
0
0
0
0
0
0
0
0
0
0
0
0
0
0
0
0
0
0
0
0
0
0
0
0
0
0
0
0
0
0
0
0
0
0
0
0
0
0
0
0
0
0
0
0
0
0
0
0
0
0
0
0
0
0
0
0
0
0
0
0
0
0
0
0
0
0
0
0
0
0
0
0
0
0
0
0
0
0
0
0
0
0
0
0
0
0
0
0
0
0
0
0
0
0
0
0
0
0
0
0
0
0
0
0
0
0
0
0
0
0
0
0
0
0
0
0
0
0
0
0
0
0
0
0
0
0
0
0
0
0
0
0
0
0
0
0
0
0
0
0
0
0
0
0
0
0
0
0
0
0
0
0
0
0
0
0
0
0
0
0
0
0
0
0
0
0
0
0
0
0
0
0
0
0
0
0
0
0
0
0
0
0
0
0
0
0
0
0
0
0
0
0
0
0
0
0
0
0
0
0
0
0
0
0
0
0
0
0
0
0
0
0
0
0
0
0
0
0
0
0
0
0
0
0
0
0
0
0
0
0
0
0
0
0
0
0
0
0
0
0
0
0
0
0
0
0
0
0
0
0
0
0
0
0
0
0
0
0
0
0
0
0
0
0
0
0
0
0
0
0
0
0
0
0
0
0
0
0
0
0
0
0
0
0
0
0
0
0
0
0
0
0
0
0
0
0
0
0
0
0
0
0
0
0
0
0
0
0
0
0
0
0
0
0
0
0
0
0
0
0
0
0
0
0
0
0
0
0
0
0
0
0
0
0
0
0
0
0
0
0
0
0
0
0
0
0
0
0
0
0
0
0
0
0
0
0
0
0
0
0
0
0
0
0
0
0
0
0
0
0
