4620711952330133792
4620711952330133760
4620711952330129664
4620711952330129664
4620710852818506016
4620710852818505984
4620710852818501888
4620710852818501888
18734648004896
18734648004864
18734648000768
18734648000768
17635136377120
17635136377088
17635136372992
17635136372992
1142461960480
1142461960448
1142461956352
1142461956352
42950332704
42950332672
42950328576
42950328576
1142461960480
1142461960448
1142461956352
1142461956352
42950332704
42950332672
42950328576
42950328576
4620711952330133536
4620711952330133504
4620711952330129408
4620711952330129408
4620710852818505760
4620710852818505728
4620710852818501632
4620710852818501632
18734648004640
18734648004608
18734648000512
18734648000512
17635136376864
17635136376832
17635136372736
17635136372736
1142461960224
1142461960192
1142461956096
1142461956096
42950332448
42950332416
42950328320
42950328320
1142461960224
1142461960192
1142461956096
1142461956096
42950332448
42950332416
42950328320
42950328320
9025933902745888
9025933902745856
9025933902741760
9025933902741760
9024834391118112
9024834391118080
9024834391113984
9024834391113984
18734648004896
18734648004864
18734648000768
18734648000768
17635136377120
17635136377088
17635136372992
17635136372992
1142461960480
1142461960448
1142461956352
1142461956352
42950332704
42950332672
42950328576
42950328576
1142461960480
1142461960448
1142461956352
1142461956352
42950332704
42950332672
42950328576
42950328576
9025933902745632
9025933902745600
9025933902741504
9025933902741504
9024834391117856
9024834391117824
9024834391113728
9024834391113728
18734648004640
18734648004608
18734648000512
18734648000512
17635136376864
17635136376832
17635136372736
17635136372736
1142461960224
1142461960192
1142461956096
1142461956096
42950332448
42950332416
42950328320
42950328320
1142461960224
1142461960192
1142461956096
1142461956096
42950332448
42950332416
42950328320
42950328320
0
0
0
0
0
0
0
0
0
0
0
0
0
0
0
0
0
0
0
0
0
0
0
0
0
0
0
0
0
0
0
0
0
0
0
0
0
0
0
0
0
0
0
0
0
0
0
0
0
0
0
0
0
0
0
0
0
0
0
0
0
0
0
0
0
0
0
0
0
0
0
0
0
0
0
0
0
0
0
0
0
0
0
0
0
0
0
0
0
0
0
0
0
0
0
0
0
0
0
0
0
0
0
0
0
0
0
0
0
0
0
0
0
0
0
0
0
0
0
0
0
0
0
0
0
0
0
0
0
0
0
0
0
0
0
0
0
0
0
0
0
0
0
0
0
0
0
0
0
0
0
0
0
0
0
0
0
0
0
0
0
0
0
0
0
0
0
0
0
0
0
0
0
0
0
0
0
0
0
0
0
0
0
0
0
0
0
0
0
0
0
0
0
0
0
0
0
0
0
0
0
0
0
0
0
0
0
0
0
0
0
0
0
0
0
0
0
0
0
0
0
0
0
0
0
0
0
0
0
0
0
0
0
0
0
0
0
0
0
0
0
0
0
0
0
0
0
0
0
0
0
0
0
0
0
0
0
0
0
0
0
0
0
0
0
0
0
0
0
0
0
0
0
0
0
0
0
0
0
0
0
0
0
0
0
0
0
0
0
0
0
0
0
0
0
0
0
0
0
0
0
0
0
0
0
0
0
0
0
0
0
0
0
0
0
0
0
0
0
0
0
0
0
0
0
0
0
0
0
0
0
0
0
0
0
0
0
0
0
0
0
0
0
0
0
0
0
0
0
0
0
0
0
0
0
0
0
0
0
0
0
0
0
0
0
0
0
0
0
0
0
0
0
0
0
0
0
0
0
0
0
0
0
0
