2310639079102947392
2310639079102947328
2310639079102939136
2310639079102939136
4796069889187904
4796069889187840
4796069889179648
4796069889179648
2310357604126236736
2310357604126236672
2310357604126228480
2310357604126228480
4514594912477248
4514594912477184
4514594912468992
4514594912468992
2310639079101890560
2310639079101890560
2310639079101890560
2310639079101890560
4796069888131072
4796069888131072
4796069888131072
4796069888131072
2310357604125179904
2310357604125179904
2310357604125179904
2310357604125179904
4514594911420416
4514594911420416
4514594911420416
4514594911420416
292470261882944
292470261882880
292470261874688
292470261874688
292470261817408
292470261817344
292470261809152
292470261809152
10995285172288
10995285172224
10995285164032
10995285164032
10995285106752
10995285106688
10995285098496
10995285098496
292470260826112
292470260826112
292470260826112
292470260826112
292470260760576
292470260760576
292470260760576
292470260760576
10995284115456
10995284115456
10995284115456
10995284115456
10995284049920
10995284049920
10995284049920
10995284049920
4796069889253440
4796069889253376
4796069889245184
4796069889245184
2310639079102881856
2310639079102881792
2310639079102873600
2310639079102873600
4514594912542784
4514594912542720
4514594912534528
4514594912534528
2310357604126171200
2310357604126171136
2310357604126162944
2310357604126162944
4796069888196608
4796069888196608
4796069888196608
4796069888196608
2310639079101825024
2310639079101825024
2310639079101825024
2310639079101825024
4514594911485952
4514594911485952
4514594911485952
4514594911485952
2310357604125114368
2310357604125114368
2310357604125114368
2310357604125114368
292470261882944
292470261882880
292470261874688
292470261874688
292470261817408
292470261817344
292470261809152
292470261809152
10995285172288
10995285172224
10995285164032
10995285164032
10995285106752
10995285106688
10995285098496
10995285098496
292470260826112
292470260826112
292470260826112
292470260826112
292470260760576
292470260760576
292470260760576
292470260760576
10995284115456
10995284115456
10995284115456
10995284115456
10995284049920
10995284049920
10995284049920
10995284049920
0
0
0
0
0
0
0
0
0
0
0
0
0
0
0
0
0
0
0
0
0
0
0
0
0
0
0
0
0
0
0
0
0
0
0
0
0
0
0
0
0
0
0
0
0
0
0
0
0
0
0
0
0
0
0
0
0
0
0
0
0
0
0
0
0
0
0
0
0
0
0
0
0
0
0
0
0
0
0
0
0
0
0
0
0
0
0
0
0
0
0
0
0
0
0
0
0
0
0
0
0
0
0
0
0
0
0
0
0
0
0
0
0
0
0
0
0
0
0
0
0
0
0
0
0
0
0
0
0
0
0
0
0
0
0
0
0
0
0
0
0
0
0
0
0
0
0
0
0
0
0
0
0
0
0
0
0
0
0
0
0
0
0
0
0
0
0
0
0
0
0
0
0
0
0
0
0
0
0
0
0
0
0
0
0
0
0
0
0
0
0
0
0
0
0
0
0
0
0
0
0
0
0
0
0
0
0
0
0
0
0
0
0
0
0
0
0
0
0
0
0
0
0
0
0
0
0
0
0
0
0
0
0
0
0
0
0
0
0
0
0
0
0
0
0
0
0
0
0
0
0
0
0
0
0
0
0
0
0
0
0
0
0
0
0
0
0
0
0
0
0
0
0
0
0
0
0
0
0
0
0
0
0
0
0
0
0
0
0
0
0
0
0
0
0
0
0
0
0
0
0
0
0
0
0
0
0
0
0
0
0
0
0
0
0
0
0
0
0
0
0
0
0
0
0
0
0
0
0
0
0
0
0
0
0
0
0
0
0
0
0
0
0
0
0
0
0
0
0
0
0
0
0
0
0
0
0
0
0
0
0
0
0
0
0
0
0
0
0
0
0
0
0
0
0
0
0
0
0
0
0
0
0
0
