4693335752243822976
4693335752243822848
4621278158205895040
4621278158205894912
4693335752243691648
4693335752243691520
4621278158205763712
4621278158205763584
4693335752243822720
4693335752243822592
4621278158205894784
4621278158205894656
4693335752243691648
4693335752243691520
4621278158205763712
4621278158205763584
4693335752241709312
4693335752241709312
4621278158203781376
4621278158203781376
4693335752241577984
4693335752241577984
4621278158203650048
4621278158203650048
4693335752241709056
4693335752241709056
4621278158203781120
4621278158203781120
4693335752241577984
4693335752241577984
4621278158203650048
4621278158203650048
81649733816435072
81649733816434944
9592139778507136
9592139778507008
81649733816303744
81649733816303616
9592139778375808
9592139778375680
81649733816434816
81649733816434688
9592139778506880
9592139778506752
81649733816303744
81649733816303616
9592139778375808
9592139778375680
81649733814321408
81649733814321408
9592139776393472
9592139776393472
81649733814190080
81649733814190080
9592139776262144
9592139776262144
81649733814321152
81649733814321152
9592139776393216
9592139776393216
81649733814190080
81649733814190080
9592139776262144
9592139776262144
4620715208252473728
4620715208252473600
4620715208252473728
4620715208252473600
4620715208252342400
4620715208252342272
4620715208252342400
4620715208252342272
4620715208252473472
4620715208252473344
4620715208252473472
4620715208252473344
4620715208252342400
4620715208252342272
4620715208252342400
4620715208252342272
4620715208250360064
4620715208250360064
4620715208250360064
4620715208250360064
4620715208250228736
4620715208250228736
4620715208250228736
4620715208250228736
4620715208250359808
4620715208250359808
4620715208250359808
4620715208250359808
4620715208250228736
4620715208250228736
4620715208250228736
4620715208250228736
9029189825085824
9029189825085696
9029189825085824
9029189825085696
9029189824954496
9029189824954368
9029189824954496
9029189824954368
9029189825085568
9029189825085440
9029189825085568
9029189825085440
9029189824954496
9029189824954368
9029189824954496
9029189824954368
9029189822972160
9029189822972160
9029189822972160
9029189822972160
9029189822840832
9029189822840832
9029189822840832
9029189822840832
9029189822971904
9029189822971904
9029189822971904
9029189822971904
9029189822840832
9029189822840832
9029189822840832
9029189822840832
4693335752243806464
4693335752243806464
4621278158205878528
4621278158205878528
4693335752243675136
4693335752243675136
4621278158205747200
4621278158205747200
4693335752243806208
4693335752243806208
4621278158205878272
4621278158205878272
4693335752243675136
4693335752243675136
4621278158205747200
4621278158205747200
4693335752241709312
4693335752241709312
4621278158203781376
4621278158203781376
4693335752241577984
4693335752241577984
4621278158203650048
4621278158203650048
4693335752241709056
4693335752241709056
4621278158203781120
4621278158203781120
4693335752241577984
4693335752241577984
4621278158203650048
4621278158203650048
81649733816418560
81649733816418560
9592139778490624
9592139778490624
81649733816287232
81649733816287232
9592139778359296
9592139778359296
81649733816418304
81649733816418304
9592139778490368
9592139778490368
81649733816287232
81649733816287232
9592139778359296
9592139778359296
81649733814321408
81649733814321408
9592139776393472
9592139776393472
81649733814190080
81649733814190080
9592139776262144
9592139776262144
81649733814321152
81649733814321152
9592139776393216
9592139776393216
81649733814190080
81649733814190080
9592139776262144
9592139776262144
4620715208252457216
4620715208252457216
4620715208252457216
4620715208252457216
4620715208252325888
4620715208252325888
4620715208252325888
4620715208252325888
4620715208252456960
4620715208252456960
4620715208252456960
4620715208252456960
4620715208252325888
4620715208252325888
4620715208252325888
4620715208252325888
4620715208250360064
4620715208250360064
4620715208250360064
4620715208250360064
4620715208250228736
4620715208250228736
4620715208250228736
4620715208250228736
4620715208250359808
4620715208250359808
4620715208250359808
4620715208250359808
4620715208250228736
4620715208250228736
4620715208250228736
4620715208250228736
9029189825069312
9029189825069312
9029189825069312
9029189825069312
9029189824937984
9029189824937984
9029189824937984
9029189824937984
9029189825069056
9029189825069056
9029189825069056
9029189825069056
9029189824937984
9029189824937984
9029189824937984
9029189824937984
9029189822972160
9029189822972160
9029189822972160
9029189822972160
9029189822840832
9029189822840832
9029189822840832
9029189822840832
9029189822971904
9029189822971904
9029189822971904
9029189822971904
9029189822840832
9029189822840832
9029189822840832
9029189822840832
72642534561694080
72642534561693952
584940523766144
584940523766016
72642534561562752
72642534561562624
584940523634816
584940523634688
72642534561693824
72642534561693696
584940523765888
584940523765760
72642534561562752
72642534561562624
584940523634816
584940523634688
72642534559580416
72642534559580416
584940521652480
584940521652480
72642534559449088
72642534559449088
584940521521152
584940521521152
72642534559580160
72642534559580160
584940521652224
584940521652224
72642534559449088
72642534559449088
584940521521152
584940521521152
72642534561694080
72642534561693952
584940523766144
584940523766016
72642534561562752
72642534561562624
584940523634816
584940523634688
72642534561693824
72642534561693696
584940523765888
584940523765760
72642534561562752
72642534561562624
584940523634816
584940523634688
72642534559580416
72642534559580416
584940521652480
584940521652480
72642534559449088
72642534559449088
584940521521152
584940521521152
72642534559580160
72642534559580160
584940521652224
584940521652224
72642534559449088
72642534559449088
584940521521152
584940521521152
21990570344832
21990570344704
21990570344832
21990570344704
21990570213504
21990570213376
21990570213504
21990570213376
21990570344576
21990570344448
21990570344576
21990570344448
21990570213504
21990570213376
21990570213504
21990570213376
21990568231168
21990568231168
21990568231168
21990568231168
21990568099840
21990568099840
21990568099840
21990568099840
21990568230912
21990568230912
21990568230912
21990568230912
21990568099840
21990568099840
21990568099840
21990568099840
21990570344832
21990570344704
21990570344832
21990570344704
21990570213504
21990570213376
21990570213504
21990570213376
21990570344576
21990570344448
21990570344576
21990570344448
21990570213504
21990570213376
21990570213504
21990570213376
21990568231168
21990568231168
21990568231168
21990568231168
21990568099840
21990568099840
21990568099840
21990568099840
21990568230912
21990568230912
21990568230912
21990568230912
21990568099840
21990568099840
21990568099840
21990568099840
72642534561677568
72642534561677568
584940523749632
584940523749632
72642534561546240
72642534561546240
584940523618304
584940523618304
72642534561677312
72642534561677312
584940523749376
584940523749376
72642534561546240
72642534561546240
584940523618304
584940523618304
72642534559580416
72642534559580416
584940521652480
584940521652480
72642534559449088
72642534559449088
584940521521152
584940521521152
72642534559580160
72642534559580160
584940521652224
584940521652224
72642534559449088
72642534559449088
584940521521152
584940521521152
72642534561677568
72642534561677568
584940523749632
584940523749632
72642534561546240
72642534561546240
584940523618304
584940523618304
72642534561677312
72642534561677312
584940523749376
584940523749376
72642534561546240
72642534561546240
584940523618304
584940523618304
72642534559580416
72642534559580416
584940521652480
584940521652480
72642534559449088
72642534559449088
584940521521152
584940521521152
72642534559580160
72642534559580160
584940521652224
584940521652224
72642534559449088
72642534559449088
584940521521152
584940521521152
21990570328320
21990570328320
21990570328320
21990570328320
21990570196992
21990570196992
21990570196992
21990570196992
21990570328064
21990570328064
21990570328064
21990570328064
21990570196992
21990570196992
21990570196992
21990570196992
21990568231168
21990568231168
21990568231168
21990568231168
21990568099840
21990568099840
21990568099840
21990568099840
21990568230912
21990568230912
21990568230912
21990568230912
21990568099840
21990568099840
21990568099840
21990568099840
21990570328320
21990570328320
21990570328320
21990570328320
21990570196992
21990570196992
21990570196992
21990570196992
21990570328064
21990570328064
21990570328064
21990570328064
21990570196992
21990570196992
21990570196992
21990570196992
21990568231168
21990568231168
21990568231168
21990568231168
21990568099840
21990568099840
21990568099840
21990568099840
21990568230912
21990568230912
21990568230912
21990568230912
21990568099840
21990568099840
21990568099840
21990568099840
