2455587783297826816
2455587783293599744
149744774050512896
149744774046285824
2455587783297794048
2455587783293599744
149744774050480128
149744774046285824
2455587782756728832
2455587782756728832
149744773509414912
149744773509414912
2455587782756728832
2455587782756728832
149744773509414912
149744773509414912
2311472595221970944
2311472595217743872
5629585974657024
5629585970429952
2311472595221938176
2311472595217743872
5629585974624256
5629585970429952
2311472594680872960
2311472594680872960
5629585433559040
5629585433559040
2311472594680872960
2311472594680872960
5629585433559040
5629585433559040
2455587783297761280
2455587783293534208
2455587783264206848
2455587783259979776
2455587783297728512
2455587783293534208
2455587783264174080
2455587783259979776
2455587782756663296
2455587782756663296
2455587782723108864
2455587782723108864
2455587782756663296
2455587782756663296
2455587782723108864
2455587782723108864
2311472595221905408
2311472595217678336
2311472595188350976
2311472595184123904
2311472595221872640
2311472595217678336
2311472595188318208
2311472595184123904
2311472594680807424
2311472594680807424
2311472594647252992
2311472594647252992
2311472594680807424
2311472594680807424
2311472594647252992
2311472594647252992
149744774084132864
149744774079905792
2455587783264206848
2455587783259979776
149744774084100096
149744774079905792
2455587783264174080
2455587783259979776
149744773543034880
149744773543034880
2455587782723108864
2455587782723108864
149744773543034880
149744773543034880
2455587782723108864
2455587782723108864
5629586008276992
5629586004049920
2311472595188350976
2311472595184123904
5629586008244224
5629586004049920
2311472595188318208
2311472595184123904
5629585467179008
5629585467179008
2311472594647252992
2311472594647252992
5629585467179008
5629585467179008
2311472594647252992
2311472594647252992
149744774084067328
149744774079840256
149744774050512896
149744774046285824
149744774084034560
149744774079840256
149744774050480128
149744774046285824
149744773542969344
149744773542969344
149744773509414912
149744773509414912
149744773542969344
149744773542969344
149744773509414912
149744773509414912
5629586008211456
5629586003984384
5629585974657024
5629585970429952
5629586008178688
5629586003984384
5629585974624256
5629585970429952
5629585467113472
5629585467113472
5629585433559040
5629585433559040
5629585467113472
5629585467113472
5629585433559040
5629585433559040
0
0
0
0
0
0
0
0
0
0
0
0
0
0
0
0
0
0
0
0
0
0
0
0
0
0
0
0
0
0
0
0
0
0
0
0
0
0
0
0
0
0
0
0
0
0
0
0
0
0
0
0
0
0
0
0
0
0
0
0
0
0
0
0
0
0
0
0
0
0
0
0
0
0
0
0
0
0
0
0
0
0
0
0
0
0
0
0
0
0
0
0
0
0
0
0
0
0
0
0
0
0
0
0
0
0
0
0
0
0
0
0
0
0
0
0
0
0
0
0
0
0
0
0
0
0
0
0
0
0
0
0
0
0
0
0
0
0
0
0
0
0
0
0
0
0
0
0
0
0
0
0
0
0
0
0
0
0
0
0
0
0
0
0
0
0
0
0
0
0
0
0
0
0
0
0
0
0
0
0
0
0
0
0
0
0
0
0
0
0
0
0
0
0
0
0
0
0
0
0
0
0
0
0
0
0
0
0
0
0
0
0
0
0
0
0
0
0
0
0
0
0
0
0
0
0
0
0
0
0
0
0
0
0
0
0
0
0
0
0
0
0
0
0
0
0
0
0
0
0
0
0
0
0
0
0
0
0
0
0
0
0
0
0
0
0
0
0
0
0
0
0
0
0
0
0
0
0
0
0
0
0
0
0
0
0
0
0
0
0
0
0
0
0
0
0
0
0
0
0
0
0
0
0
0
0
0
0
0
0
0
0
0
0
0
0
0
0
0
0
0
0
0
0
0
0
0
0
0
0
0
0
0
0
0
0
0
0
0
0
0
0
0
0
0
0
0
0
0
0
0
0
0
0
0
0
0
0
0
0
0
0
0
0
0
0
0
0
0
0
0
0
0
0
0
0
0
0
0
0
0
0
0
0
