9822351133174399489
9822351133174399488
9822351133174398976
9822351133174398976
9822351133174136832
9822351133174136832
9822351133174136832
9822351133174136832
9822351133039919104
9822351133039919104
9822351133039919104
9822351133039919104
9822351133039919104
9822351133039919104
9822351133039919104
9822351133039919104
9245890380870976001
9245890380870976000
9245890380870975488
9245890380870975488
9245890380870713344
9245890380870713344
9245890380870713344
9245890380870713344
9245890380736495616
9245890380736495616
9245890380736495616
9245890380736495616
9245890380736495616
9245890380736495616
9245890380736495616
9245890380736495616
9822351131026915841
9822351131026915840
9822351131026915328
9822351131026915328
9822351131026653184
9822351131026653184
9822351131026653184
9822351131026653184
9822351130892435456
9822351130892435456
9822351130892435456
9822351130892435456
9822351130892435456
9822351130892435456
9822351130892435456
9822351130892435456
9245890378723492353
9245890378723492352
9245890378723491840
9245890378723491840
9245890378723229696
9245890378723229696
9245890378723229696
9245890378723229696
9245890378589011968
9245890378589011968
9245890378589011968
9245890378589011968
9245890378589011968
9245890378589011968
9245890378589011968
9245890378589011968
598979096319623681
598979096319623680
598979096319623168
598979096319623168
598979096319361024
598979096319361024
598979096319361024
598979096319361024
598979096185143296
598979096185143296
598979096185143296
598979096185143296
598979096185143296
598979096185143296
598979096185143296
598979096185143296
22518344016200193
22518344016200192
22518344016199680
22518344016199680
22518344015937536
22518344015937536
22518344015937536
22518344015937536
22518343881719808
22518343881719808
22518343881719808
22518343881719808
22518343881719808
22518343881719808
22518343881719808
22518343881719808
598979094172140033
598979094172140032
598979094172139520
598979094172139520
598979094171877376
598979094171877376
598979094171877376
598979094171877376
598979094037659648
598979094037659648
598979094037659648
598979094037659648
598979094037659648
598979094037659648
598979094037659648
598979094037659648
22518341868716545
22518341868716544
22518341868716032
22518341868716032
22518341868453888
22518341868453888
22518341868453888
22518341868453888
22518341734236160
22518341734236160
22518341734236160
22518341734236160
22518341734236160
22518341734236160
22518341734236160
22518341734236160
0
0
0
0
0
0
0
0
0
0
0
0
0
0
0
0
0
0
0
0
0
0
0
0
0
0
0
0
0
0
0
0
0
0
0
0
0
0
0
0
0
0
0
0
0
0
0
0
0
0
0
0
0
0
0
0
0
0
0
0
0
0
0
0
0
0
0
0
0
0
0
0
0
0
0
0
0
0
0
0
0
0
0
0
0
0
0
0
0
0
0
0
0
0
0
0
0
0
0
0
0
0
0
0
0
0
0
0
0
0
0
0
0
0
0
0
0
0
0
0
0
0
0
0
0
0
0
0
0
0
0
0
0
0
0
0
0
0
0
0
0
0
0
0
0
0
0
0
0
0
0
0
0
0
0
0
0
0
0
0
0
0
0
0
0
0
0
0
0
0
0
0
0
0
0
0
0
0
0
0
0
0
0
0
0
0
0
0
0
0
0
0
0
0
0
0
0
0
0
0
0
0
0
0
0
0
0
0
0
0
0
0
0
0
0
0
0
0
0
0
0
0
0
0
0
0
0
0
0
0
0
0
0
0
0
0
0
0
0
0
0
0
0
0
0
0
0
0
0
0
0
0
0
0
0
0
0
0
0
0
0
0
0
0
0
0
0
0
0
0
0
0
0
0
0
0
0
0
0
0
0
0
0
0
0
0
0
0
0
0
0
0
0
0
0
0
0
0
0
0
0
0
0
0
0
0
0
0
0
0
0
0
0
0
0
0
0
0
0
0
0
0
0
0
0
0
0
0
0
0
0
0
0
0
0
0
0
0
0
0
0
0
0
0
0
0
0
0
0
0
0
0
0
0
0
0
0
0
0
0
0
0
0
0
0
0
0
0
0
0
0
0
0
0
0
0
0
0
0
0
0
0
0
0
