2314885534022901792
2314885534022901760
141182378016
141182377984
2314885534006124576
2314885534006124544
141165600800
141165600768
2314885533972570144
2314885533972570112
141132046368
141132046336
2314885533972570144
2314885533972570112
141132046368
141132046336
2314885533905461280
2314885533905461248
141064937504
141064937472
2314885533905461280
2314885533905461248
141064937504
141064937472
2314885533905461280
2314885533905461248
141064937504
141064937472
2314885533905461280
2314885533905461248
141064937504
141064937472
2314885533771243552
2314885533771243520
140930719776
140930719744
2314885533771243552
2314885533771243520
140930719776
140930719744
2314885533771243552
2314885533771243520
140930719776
140930719744
2314885533771243552
2314885533771243520
140930719776
140930719744
2314885533771243552
2314885533771243520
140930719776
140930719744
2314885533771243552
2314885533771243520
140930719776
140930719744
2314885533771243552
2314885533771243520
140930719776
140930719744
2314885533771243552
2314885533771243520
140930719776
140930719744
9042524809207840
9042524809207808
141182378016
141182377984
9042524792430624
9042524792430592
141165600800
141165600768
9042524758876192
9042524758876160
141132046368
141132046336
9042524758876192
9042524758876160
141132046368
141132046336
9042524691767328
9042524691767296
141064937504
141064937472
9042524691767328
9042524691767296
141064937504
141064937472
9042524691767328
9042524691767296
141064937504
141064937472
9042524691767328
9042524691767296
141064937504
141064937472
9042524557549600
9042524557549568
140930719776
140930719744
9042524557549600
9042524557549568
140930719776
140930719744
9042524557549600
9042524557549568
140930719776
140930719744
9042524557549600
9042524557549568
140930719776
140930719744
9042524557549600
9042524557549568
140930719776
140930719744
9042524557549600
9042524557549568
140930719776
140930719744
9042524557549600
9042524557549568
140930719776
140930719744
9042524557549600
9042524557549568
140930719776
140930719744
2314885531875418144
2314885531875418112
139034894368
139034894336
2314885531858640928
2314885531858640896
139018117152
139018117120
2314885531825086496
2314885531825086464
138984562720
138984562688
2314885531825086496
2314885531825086464
138984562720
138984562688
2314885531757977632
2314885531757977600
138917453856
138917453824
2314885531757977632
2314885531757977600
138917453856
138917453824
2314885531757977632
2314885531757977600
138917453856
138917453824
2314885531757977632
2314885531757977600
138917453856
138917453824
2314885531623759904
2314885531623759872
138783236128
138783236096
2314885531623759904
2314885531623759872
138783236128
138783236096
2314885531623759904
2314885531623759872
138783236128
138783236096
2314885531623759904
2314885531623759872
138783236128
138783236096
2314885531623759904
2314885531623759872
138783236128
138783236096
2314885531623759904
2314885531623759872
138783236128
138783236096
2314885531623759904
2314885531623759872
138783236128
138783236096
2314885531623759904
2314885531623759872
138783236128
138783236096
9042522661724192
9042522661724160
139034894368
139034894336
9042522644946976
9042522644946944
139018117152
139018117120
9042522611392544
9042522611392512
138984562720
138984562688
9042522611392544
9042522611392512
138984562720
138984562688
9042522544283680
9042522544283648
138917453856
138917453824
9042522544283680
9042522544283648
138917453856
138917453824
9042522544283680
9042522544283648
138917453856
138917453824
9042522544283680
9042522544283648
138917453856
138917453824
9042522410065952
9042522410065920
138783236128
138783236096
9042522410065952
9042522410065920
138783236128
138783236096
9042522410065952
9042522410065920
138783236128
138783236096
9042522410065952
9042522410065920
138783236128
138783236096
9042522410065952
9042522410065920
138783236128
138783236096
9042522410065952
9042522410065920
138783236128
138783236096
9042522410065952
9042522410065920
138783236128
138783236096
9042522410065952
9042522410065920
138783236128
138783236096
2314885534022893568
2314885534022893568
141182369792
141182369792
2314885534006116352
2314885534006116352
141165592576
141165592576
2314885533972561920
2314885533972561920
141132038144
141132038144
2314885533972561920
2314885533972561920
141132038144
141132038144
2314885533905453056
2314885533905453056
141064929280
141064929280
2314885533905453056
2314885533905453056
141064929280
141064929280
2314885533905453056
2314885533905453056
141064929280
141064929280
2314885533905453056
2314885533905453056
141064929280
141064929280
2314885533771235328
2314885533771235328
140930711552
140930711552
2314885533771235328
2314885533771235328
140930711552
140930711552
2314885533771235328
2314885533771235328
140930711552
140930711552
2314885533771235328
2314885533771235328
140930711552
140930711552
2314885533771235328
2314885533771235328
140930711552
140930711552
2314885533771235328
2314885533771235328
140930711552
140930711552
2314885533771235328
2314885533771235328
140930711552
140930711552
2314885533771235328
2314885533771235328
140930711552
140930711552
9042524809199616
9042524809199616
141182369792
141182369792
9042524792422400
9042524792422400
141165592576
141165592576
9042524758867968
9042524758867968
141132038144
141132038144
9042524758867968
9042524758867968
141132038144
141132038144
9042524691759104
9042524691759104
141064929280
141064929280
9042524691759104
9042524691759104
141064929280
141064929280
9042524691759104
9042524691759104
141064929280
141064929280
9042524691759104
9042524691759104
141064929280
141064929280
9042524557541376
9042524557541376
140930711552
140930711552
9042524557541376
9042524557541376
140930711552
140930711552
9042524557541376
9042524557541376
140930711552
140930711552
9042524557541376
9042524557541376
140930711552
140930711552
9042524557541376
9042524557541376
140930711552
140930711552
9042524557541376
9042524557541376
140930711552
140930711552
9042524557541376
9042524557541376
140930711552
140930711552
9042524557541376
9042524557541376
140930711552
140930711552
2314885531875409920
2314885531875409920
139034886144
139034886144
2314885531858632704
2314885531858632704
139018108928
139018108928
2314885531825078272
2314885531825078272
138984554496
138984554496
2314885531825078272
2314885531825078272
138984554496
138984554496
2314885531757969408
2314885531757969408
138917445632
138917445632
2314885531757969408
2314885531757969408
138917445632
138917445632
2314885531757969408
2314885531757969408
138917445632
138917445632
2314885531757969408
2314885531757969408
138917445632
138917445632
2314885531623751680
2314885531623751680
138783227904
138783227904
2314885531623751680
2314885531623751680
138783227904
138783227904
2314885531623751680
2314885531623751680
138783227904
138783227904
2314885531623751680
2314885531623751680
138783227904
138783227904
2314885531623751680
2314885531623751680
138783227904
138783227904
2314885531623751680
2314885531623751680
138783227904
138783227904
2314885531623751680
2314885531623751680
138783227904
138783227904
2314885531623751680
2314885531623751680
138783227904
138783227904
9042522661715968
9042522661715968
139034886144
139034886144
9042522644938752
9042522644938752
139018108928
139018108928
9042522611384320
9042522611384320
138984554496
138984554496
9042522611384320
9042522611384320
138984554496
138984554496
9042522544275456
9042522544275456
138917445632
138917445632
9042522544275456
9042522544275456
138917445632
138917445632
9042522544275456
9042522544275456
138917445632
138917445632
9042522544275456
9042522544275456
138917445632
138917445632
9042522410057728
9042522410057728
138783227904
138783227904
9042522410057728
9042522410057728
138783227904
138783227904
9042522410057728
9042522410057728
138783227904
138783227904
9042522410057728
9042522410057728
138783227904
138783227904
9042522410057728
9042522410057728
138783227904
138783227904
9042522410057728
9042522410057728
138783227904
138783227904
9042522410057728
9042522410057728
138783227904
138783227904
9042522410057728
9042522410057728
138783227904
138783227904
35325554466848
35325554466816
141182378016
141182377984
35325537689632
35325537689600
141165600800
141165600768
35325504135200
35325504135168
141132046368
141132046336
35325504135200
35325504135168
141132046368
141132046336
35325437026336
35325437026304
141064937504
141064937472
35325437026336
35325437026304
141064937504
141064937472
35325437026336
35325437026304
141064937504
141064937472
35325437026336
35325437026304
141064937504
141064937472
35325302808608
35325302808576
140930719776
140930719744
35325302808608
35325302808576
140930719776
140930719744
35325302808608
35325302808576
140930719776
140930719744
35325302808608
35325302808576
140930719776
140930719744
35325302808608
35325302808576
140930719776
140930719744
35325302808608
35325302808576
140930719776
140930719744
35325302808608
35325302808576
140930719776
140930719744
35325302808608
35325302808576
140930719776
140930719744
35325554466848
35325554466816
141182378016
141182377984
35325537689632
35325537689600
141165600800
141165600768
35325504135200
35325504135168
141132046368
141132046336
35325504135200
35325504135168
141132046368
141132046336
35325437026336
35325437026304
141064937504
141064937472
35325437026336
35325437026304
141064937504
141064937472
35325437026336
35325437026304
141064937504
141064937472
35325437026336
35325437026304
141064937504
141064937472
35325302808608
35325302808576
140930719776
140930719744
35325302808608
35325302808576
140930719776
140930719744
35325302808608
35325302808576
140930719776
140930719744
35325302808608
35325302808576
140930719776
140930719744
35325302808608
35325302808576
140930719776
140930719744
35325302808608
35325302808576
140930719776
140930719744
35325302808608
35325302808576
140930719776
140930719744
35325302808608
35325302808576
140930719776
140930719744
35323406983200
35323406983168
139034894368
139034894336
35323390205984
35323390205952
139018117152
139018117120
35323356651552
35323356651520
138984562720
138984562688
35323356651552
35323356651520
138984562720
138984562688
35323289542688
35323289542656
138917453856
138917453824
35323289542688
35323289542656
138917453856
138917453824
35323289542688
35323289542656
138917453856
138917453824
35323289542688
35323289542656
138917453856
138917453824
35323155324960
35323155324928
138783236128
138783236096
35323155324960
35323155324928
138783236128
138783236096
35323155324960
35323155324928
138783236128
138783236096
35323155324960
35323155324928
138783236128
138783236096
35323155324960
35323155324928
138783236128
138783236096
35323155324960
35323155324928
138783236128
138783236096
35323155324960
35323155324928
138783236128
138783236096
35323155324960
35323155324928
138783236128
138783236096
35323406983200
35323406983168
139034894368
139034894336
35323390205984
35323390205952
139018117152
139018117120
35323356651552
35323356651520
138984562720
138984562688
35323356651552
35323356651520
138984562720
138984562688
35323289542688
35323289542656
138917453856
138917453824
35323289542688
35323289542656
138917453856
138917453824
35323289542688
35323289542656
138917453856
138917453824
35323289542688
35323289542656
138917453856
138917453824
35323155324960
35323155324928
138783236128
138783236096
35323155324960
35323155324928
138783236128
138783236096
35323155324960
35323155324928
138783236128
138783236096
35323155324960
35323155324928
138783236128
138783236096
35323155324960
35323155324928
138783236128
138783236096
35323155324960
35323155324928
138783236128
138783236096
35323155324960
35323155324928
138783236128
138783236096
35323155324960
35323155324928
138783236128
138783236096
35325554458624
35325554458624
141182369792
141182369792
35325537681408
35325537681408
141165592576
141165592576
35325504126976
35325504126976
141132038144
141132038144
35325504126976
35325504126976
141132038144
141132038144
35325437018112
35325437018112
141064929280
141064929280
35325437018112
35325437018112
141064929280
141064929280
35325437018112
35325437018112
141064929280
141064929280
35325437018112
35325437018112
141064929280
141064929280
35325302800384
35325302800384
140930711552
140930711552
35325302800384
35325302800384
140930711552
140930711552
35325302800384
35325302800384
140930711552
140930711552
35325302800384
35325302800384
140930711552
140930711552
35325302800384
35325302800384
140930711552
140930711552
35325302800384
35325302800384
140930711552
140930711552
35325302800384
35325302800384
140930711552
140930711552
35325302800384
35325302800384
140930711552
140930711552
35325554458624
35325554458624
141182369792
141182369792
35325537681408
35325537681408
141165592576
141165592576
35325504126976
35325504126976
141132038144
141132038144
35325504126976
35325504126976
141132038144
141132038144
35325437018112
35325437018112
141064929280
141064929280
35325437018112
35325437018112
141064929280
141064929280
35325437018112
35325437018112
141064929280
141064929280
35325437018112
35325437018112
141064929280
141064929280
35325302800384
35325302800384
140930711552
140930711552
35325302800384
35325302800384
140930711552
140930711552
35325302800384
35325302800384
140930711552
140930711552
35325302800384
35325302800384
140930711552
140930711552
35325302800384
35325302800384
140930711552
140930711552
35325302800384
35325302800384
140930711552
140930711552
35325302800384
35325302800384
140930711552
140930711552
35325302800384
35325302800384
140930711552
140930711552
35323406974976
35323406974976
139034886144
139034886144
35323390197760
35323390197760
139018108928
139018108928
35323356643328
35323356643328
138984554496
138984554496
35323356643328
35323356643328
138984554496
138984554496
35323289534464
35323289534464
138917445632
138917445632
35323289534464
35323289534464
138917445632
138917445632
35323289534464
35323289534464
138917445632
138917445632
35323289534464
35323289534464
138917445632
138917445632
35323155316736
35323155316736
138783227904
138783227904
35323155316736
35323155316736
138783227904
138783227904
35323155316736
35323155316736
138783227904
138783227904
35323155316736
35323155316736
138783227904
138783227904
35323155316736
35323155316736
138783227904
138783227904
35323155316736
35323155316736
138783227904
138783227904
35323155316736
35323155316736
138783227904
138783227904
35323155316736
35323155316736
138783227904
138783227904
35323406974976
35323406974976
139034886144
139034886144
35323390197760
35323390197760
139018108928
139018108928
35323356643328
35323356643328
138984554496
138984554496
35323356643328
35323356643328
138984554496
138984554496
35323289534464
35323289534464
138917445632
138917445632
35323289534464
35323289534464
138917445632
138917445632
35323289534464
35323289534464
138917445632
138917445632
35323289534464
35323289534464
138917445632
138917445632
35323155316736
35323155316736
138783227904
138783227904
35323155316736
35323155316736
138783227904
138783227904
35323155316736
35323155316736
138783227904
138783227904
35323155316736
35323155316736
138783227904
138783227904
35323155316736
35323155316736
138783227904
138783227904
35323155316736
35323155316736
138783227904
138783227904
35323155316736
35323155316736
138783227904
138783227904
35323155316736
35323155316736
138783227904
138783227904
0
0
0
0
0
0
0
0
0
0
0
0
0
0
0
0
0
0
0
0
0
0
0
0
0
0
0
0
0
0
0
0
0
0
0
0
0
0
0
0
0
0
0
0
0
0
0
0
0
0
0
0
0
0
0
0
0
0
0
0
0
0
0
0
0
0
0
0
0
0
0
0
0
0
0
0
0
0
0
0
0
0
0
0
0
0
0
0
0
0
0
0
0
0
0
0
0
0
0
0
0
0
0
0
0
0
0
0
0
0
0
0
0
0
0
0
0
0
0
0
0
0
0
0
0
0
0
0
0
0
0
0
0
0
0
0
0
0
0
0
0
0
0
0
0
0
0
0
0
0
0
0
0
0
0
0
0
0
0
0
0
0
0
0
0
0
0
0
0
0
0
0
0
0
0
0
0
0
0
0
0
0
0
0
0
0
0
0
0
0
0
0
0
0
0
0
0
0
0
0
0
0
0
0
0
0
0
0
0
0
0
0
0
0
0
0
0
0
0
0
0
0
0
0
0
0
0
0
0
0
0
0
0
0
0
0
0
0
0
0
0
0
0
0
0
0
0
0
0
0
0
0
0
0
0
0
0
0
0
0
0
0
0
0
0
0
0
0
0
0
0
0
0
0
0
0
0
0
0
0
0
0
0
0
0
0
0
0
0
0
0
0
0
0
0
0
0
0
0
0
0
0
0
0
0
0
0
0
0
0
0
0
0
0
0
0
0
0
0
0
0
0
0
0
0
0
0
0
0
0
0
0
0
0
0
0
0
0
0
0
0
0
0
0
0
0
0
0
0
0
0
0
0
0
0
0
0
0
0
0
0
0
0
0
0
0
0
0
0
0
0
0
0
0
0
0
0
0
0
0
0
0
0
0
0
0
0
0
0
0
0
0
0
0
0
0
0
0
0
0
0
0
0
0
0
0
0
0
0
0
0
0
0
0
0
0
0
0
0
0
0
0
0
0
0
0
0
0
0
0
0
0
0
0
0
0
0
0
0
0
0
0
0
0
0
0
0
0
0
0
0
0
0
0
0
0
0
0
0
0
0
0
0
0
0
0
0
0
0
0
0
0
0
0
0
0
0
0
0
0
0
0
0
0
0
0
0
0
0
0
0
0
0
0
0
0
0
0
0
0
0
0
0
0
0
0
0
0
0
0
0
0
0
0
0
0
0
0
0
0
0
0
0
0
0
0
0
0
0
0
0
0
0
0
0
0
0
0
0
0
0
0
0
0
0
0
0
0
0
0
0
0
0
0
0
0
0
0
0
0
0
0
0
0
0
0
0
0
0
0
0
0
0
0
0
0
0
0
0
0
0
0
0
0
0
0
0
0
0
0
0
0
0
0
0
0
0
0
0
0
0
0
0
0
0
0
0
0
0
0
0
0
0
0
0
0
0
0
0
0
0
0
0
0
0
0
0
0
0
0
0
0
0
0
0
0
0
0
0
0
0
0
0
0
0
0
0
0
0
0
0
0
0
0
0
0
0
0
0
0
0
0
0
0
0
0
0
0
0
0
0
0
0
0
0
0
0
0
0
0
0
0
0
0
0
0
0
0
0
0
0
0
0
0
0
0
0
0
0
0
0
0
0
0
0
0
0
0
0
0
0
0
0
0
0
0
0
0
0
0
0
0
0
0
0
0
0
0
0
0
0
0
0
0
0
0
0
0
0
0
0
0
0
0
0
0
0
0
0
0
0
0
0
0
0
0
0
0
0
0
0
0
0
0
0
0
0
0
0
0
0
0
0
0
0
0
0
0
0
0
0
0
0
0
0
0
0
0
0
0
0
0
0
0
0
0
0
0
0
0
0
0
0
0
0
0
0
0
0
0
0
0
0
0
0
0
0
0
0
0
0
0
0
0
0
0
0
0
0
0
0
0
0
0
0
0
0
0
0
0
0
0
0
0
0
0
0
0
0
0
0
0
0
0
0
0
0
0
0
0
0
0
0
0
0
0
0
0
0
0
0
0
0
0
0
0
0
0
0
0
0
0
0
0
0
0
0
0
0
0
0
0
0
0
0
0
0
0
0
0
0
0
0
0
0
0
0
0
0
0
0
0
0
0
0
0
0
0
0
0
0
0
0
0
0
0
0
0
0
0
0
0
0
0
0
0
0
0
0
0
0
0
0
0
0
0
0
0
0
0
0
0
0
0
0
0
0
0
0
0
0
0
0
0
0
0
0
0
0
0
0
0
0
0
0
0
0
0
0
0
0
0
0
0
0
0
0
0
0
0
0
0
0
0
0
0
0
0
0
0
0
0
0
0
0
0
0
0
0
0
0
0
0
0
0
0
0
0
0
0
0
0
0
0
0
0
0
0
0
0
0
0
0
0
0
0
0
0
0
0
0
0
0
0
0
0
0
0
0
0
0
0
0
0
0
0
0
0
0
0
0
0
0
0
0
0
0
0
0
0
0
0
0
0
0
0
0
0
0
0
0
0
0
0
0
0
0
0
0
0
0
0
0
0
0
0
0
0
0
0
0
0
0
0
0
0
0
0
0
0
0
0
0
0
0
0
0
0
0
0
0
0
0
0
0
0
0
0
0
0
0
0
0
0
0
0
0
0
0
0
0
0
0
0
0
0
0
0
0
0
0
0
0
0
0
0
0
0
0
0
0
0
0
0
0
0
0
0
0
0
0
0
0
0
0
0
0
0
0
0
0
0
0
0
0
0
0
0
0
0
0
0
0
0
0
0
0
0
0
0
0
0
0
0
0
0
0
0
0
0
0
0
0
0
0
0
0
0
0
0
0
0
0
0
0
0
0
0
0
0
0
0
0
0
0
0
0
0
0
0
0
0
0
0
0
0
0
0
0
0
0
0
0
0
0
0
0
0
0
0
0
0
0
0
0
0
0
0
0
0
0
0
0
0
0
0
0
0
0
0
0
0
0
0
0
0
0
0
0
0
0
0
0
0
0
0
0
0
0
0
0
0
0
0
0
0
0
0
0
0
0
0
0
0
0
0
0
0
0
0
0
0
0
0
0
0
0
0
0
0
0
0
0
0
0
0
0
0
0
0
0
0
0
0
0
0
0
0
0
0
0
0
0
0
0
0
0
0
0
0
0
0
0
0
0
0
0
0
0
0
0
0
0
0
0
0
0
0
0
0
0
0
0
0
0
0
0
0
0
0
0
0
0
0
0
0
0
0
0
0
0
0
0
0
0
0
0
0
0
0
0
0
0
0
0
0
0
0
0
0
0
0
0
0
0
0
0
0
0
0
0
0
0
0
0
0
0
0
0
0
0
0
0
0
0
0
0
0
0
0
0
0
0
0
0
0
0
0
0
0
0
0
0
0
0
0
0
0
0
0
0
0
0
0
0
0
0
0
0
0
0
0
0
0
0
0
0
0
0
0
0
0
0
0
0
0
0
0
0
0
0
0
0
0
0
0
0
0
0
0
0
0
0
0
0
0
0
0
0
0
0
0
0
0
0
0
0
0
0
0
0
0
0
0
0
0
0
0
0
0
0
0
0
0
0
0
0
0
0
0
0
0
0
0
0
0
0
0
0
0
0
0
0
0
0
0
0
0
0
0
0
0
0
0
0
0
0
0
0
0
0
0
0
0
0
0
0
0
0
0
0
0
0
0
0
0
0
0
0
0
0
0
0
0
0
0
0
0
0
0
0
0
0
0
0
0
0
0
0
0
0
0
0
0
0
0
0
0
0
0
0
0
0
0
0
0
0
0
0
0
0
0
0
0
0
0
0
0
0
0
0
0
0
0
0
0
0
0
0
0
0
0
0
0
0
0
0
0
0
0
0
0
0
0
0
0
0
0
0
0
0
0
0
0
0
0
0
0
0
0
0
0
0
0
0
0
0
0
0
0
0
0
0
0
0
0
0
0
0
0
0
0
0
0
0
0
0
0
0
0
0
0
0
0
0
0
0
0
0
0
0
0
0
0
0
0
0
0
0
0
0
0
0
0
0
0
0
0
0
0
0
0
0
0
0
0
0
0
0
0
0
0
0
0
0
0
0
0
0
0
0
0
0
0
0
0
0
0
0
0
0
0
0
0
0
0
0
0
0
0
0
0
0
0
0
0
0
0
0
0
0
0
0
0
0
0
0
0
0
0
0
0
0
0
0
0
0
0
0
0
0
0
0
0
0
0
0
0
0
0
0
0
0
0
0
0
0
0
0
0
0
0
0
0
0
0
0
0
0
0
0
0
0
0
0
0
0
0
0
0
0
0
0
0
0
0
0
0
0
0
0
0
0
0
0
0
0
0
0
0
0
0
0
0
0
0
0
0
0
0
0
0
0
0
0
0
0
0
0
0
0
0
0
0
0
0
0
0
0
0
0
0
0
0
0
0
0
0
0
0
0
0
0
0
0
0
0
0
0
0
0
0
0
0
0
0
0
0
0
0
0
0
0
0
0
0
0
0
0
0
0
0
0
0
0
0
0
0
0
0
0
0
0
0
0
0
0
0
0
0
0
0
0
0
0
0
0
0
0
0
0
0
0
0
0
0
0
0
0
0
0
0
0
0
0
0
0
0
0
0
0
0
0
0
0
0
0
0
0
0
0
0
0
0
0
0
0
0
0
0
0
0
0
0
0
0
0
0
0
0
0
0
0
0
0
0
0
0
0
0
0
0
0
0
0
0
0
0
0
0
0
0
0
0
0
0
0
0
0
0
0
0
0
0
0
0
0
0
0
0
0
0
0
0
0
0
0
0
0
0
0
0
0
0
0
0
0
0
0
0
0
0
0
0
0
0
0
0
0
0
0
0
0
0
0
0
0
0
0
0
0
0
0
0
0
0
0
0
0
0
0
0
0
0
0
0
0
0
0
0
0
0
0
0
0
0
0
0
0
0
0
0
0
0
0
0
0
0
0
0
0
0
0
0
0
0
0
0
0
0
0
0
0
0
0
0
0
0
0
0
0
0
0
0
0
0
0
0
0
0
0
0
0
0
0
0
0
0
0
0
0
0
0
0
0
0
0
0
0
0
0
0
0
0
0
0
0
0
0
0
0
0
0
0
0
0
0
0
0
0
0
0
0
0
0
0
0
0
0
0
0
0
0
0
0
0
0
0
0
0
0
0
0
0
0
0
0
0
0
0
0
0
0
0
0
0
0
0
0
0
0
0
0
0
0
0
0
0
0
0
0
0
0
0
0
0
0
0
0
0
0
0
0
0
0
0
0
0
0
0
0
0
0
0
0
0
0
0
0
0
0
0
0
0
0
0
0
0
0
0
0
0
0
0
0
0
0
0
0
0
0
0
0
0
0
0
0
0
0
0
0
0
0
0
0
0
0
0
0
0
0
0
0
0
0
0
0
0
0
0
0
0
0
0
0
0
0
0
0
0
0
0
0
0
0
0
0
0
0
0
0
0
0
0
0
0
0
0
0
0
0
0
0
0
0
0
0
0
0
0
0
0
0
0
0
0
0
0
0
0
0
0
0
0
0
0
0
0
0
0
0
0
0
0
0
0
0
0
0
0
0
0
0
0
0
0
0
0
0
0
0
0
0
0
0
0
0
0
0
0
0
0
0
0
0
0
0
0
0
0
0
0
0
0
0
0
0
0
0
0
0
0
0
0
0
0
0
0
0
0
0
0
0
0
0
0
0
0
0
0
0
0
0
0
0
0
0
0
0
0
0
0
0
0
0
0
0
0
0
0
0
0
0
0
0
0
0
0
0
0
0
0
0
0
0
0
0
0
0
0
0
0
0
0
0
0
0
0
0
0
0
0
0
0
0
0
0
0
0
0
0
0
0
0
0
0
0
0
0
0
0
0
0
0
0
0
0
0
0
0
0
0
0
0
0
0
0
0
0
0
0
0
0
0
0
0
0
0
0
0
0
0
0
0
0
0
0
0
0
0
0
0
0
0
0
0
0
0
0
0
0
0
0
0
0
0
0
0
0
0
0
0
0
0
0
0
0
0
0
0
0
0
0
0
0
0
0
0
0
0
0
0
0
0
0
0
0
0
0
0
0
0
0
0
0
0
0
0
0
0
0
0
0
0
0
0
0
0
0
0
0
0
0
0
0
0
0
0
0
0
0
0
0
0
0
0
0
0
0
0
0
0
0
0
0
0
0
0
0
0
0
0
0
0
0
0
0
0
0
0
0
0
0
0
0
0
0
0
0
0
0
0
0
0
0
0
0
0
0
0
0
0
0
0
0
0
0
0
0
0
0
0
0
0
0
0
0
0
0
0
0
0
0
0
0
0
0
0
0
0
0
0
0
0
0
0
0
0
0
0
0
0
0
0
0
0
0
0
0
0
0
0
0
0
0
0
0
0
0
0
0
0
0
0
0
0
0
0
0
0
0
0
0
0
0
0
0
0
0
0
0
0
0
0
0
0
0
0
0
0
0
0
0
0
0
0
0
0
0
0
0
0
0
0
0
0
0
0
0
0
0
0
0
0
0
0
0
0
0
0
0
0
0
0
0
0
0
0
0
0
0
0
0
0
0
0
0
0
0
0
0
0
0
0
0
0
0
0
0
0
0
0
0
0
0
0
0
0
0
0
0
0
0
0
0
0
0
0
0
0
0
0
0
0
0
0
0
0
0
0
0
0
0
0
0
0
0
0
0
0
0
0
0
0
0
0
0
0
0
0
0
0
0
0
0
0
0
0
0
0
0
0
0
0
0
0
0
0
0
0
0
0
0
0
0
0
0
0
0
0
0
0
0
0
0
0
0
0
0
0
0
0
0
0
0
0
0
0
0
0
0
0
0
0
0
0
0
0
0
0
0
0
0
0
0
0
0
0
0
0
0
0
0
0
0
0
0
0
0
0
0
0
0
0
0
0
0
0
0
0
0
0
0
0
0
0
0
0
0
0
0
0
0
0
0
0
0
0
0
0
0
0
0
0
0
0
0
0
0
0
0
0
0
0
0
0
0
0
0
0
0
0
0
0
0
0
0
0
0
0
0
0
0
0
0
0
0
0
0
0
0
0
