9259542123257036928
551894941824
9259542123257004032
551894908928
141288326332416
550837977088
141288326299648
550837944320
9259542123240259712
551878164608
9259542123240226816
551878131712
141288326332416
550837977088
141288326299648
550837944320
9259542123206705280
551844610176
9259542123206672384
551844577280
141288326332416
550837977088
141288326299648
550837944320
9259542123206705280
551844610176
9259542123206672384
551844577280
141288326332416
550837977088
141288326299648
550837944320
9259542123139596416
551777501312
9259542123139563520
551777468416
141288326332416
550837977088
141288326299648
550837944320
9259542123139596416
551777501312
9259542123139563520
551777468416
141288326332416
550837977088
141288326299648
550837944320
9259542123139596416
551777501312
9259542123139563520
551777468416
141288326332416
550837977088
141288326299648
550837944320
9259542123139596416
551777501312
9259542123139563520
551777468416
141288326332416
550837977088
141288326299648
550837944320
9259542123005378688
551643283584
9259542123005345792
551643250688
141288326332416
550837977088
141288326299648
550837944320
9259542123005378688
551643283584
9259542123005345792
551643250688
141288326332416
550837977088
141288326299648
550837944320
9259542123005378688
551643283584
9259542123005345792
551643250688
141288326332416
550837977088
141288326299648
550837944320
9259542123005378688
551643283584
9259542123005345792
551643250688
141288326332416
550837977088
141288326299648
550837944320
9259542123005378688
551643283584
9259542123005345792
551643250688
141288326332416
550837977088
141288326299648
550837944320
9259542123005378688
551643283584
9259542123005345792
551643250688
141288326332416
550837977088
141288326299648
550837944320
9259542123005378688
551643283584
9259542123005345792
551643250688
141288326332416
550837977088
141288326299648
550837944320
9259542123005378688
551643283584
9259542123005345792
551643250688
141288326332416
550837977088
141288326299648
550837944320
9259542122736943232
551374848128
9259542122736910336
551374815232
141288326332416
550837977088
141288326299648
550837944320
9259542122736943232
551374848128
9259542122736910336
551374815232
141288326332416
550837977088
141288326299648
550837944320
9259542122736943232
551374848128
9259542122736910336
551374815232
141288326332416
550837977088
141288326299648
550837944320
9259542122736943232
551374848128
9259542122736910336
551374815232
141288326332416
550837977088
141288326299648
550837944320
9259542122736943232
551374848128
9259542122736910336
551374815232
141288326332416
550837977088
141288326299648
550837944320
9259542122736943232
551374848128
9259542122736910336
551374815232
141288326332416
550837977088
141288326299648
550837944320
9259542122736943232
551374848128
9259542122736910336
551374815232
141288326332416
550837977088
141288326299648
550837944320
9259542122736943232
551374848128
9259542122736910336
551374815232
141288326332416
550837977088
141288326299648
550837944320
9259542122736943232
551374848128
9259542122736910336
551374815232
141288326332416
550837977088
141288326299648
550837944320
9259542122736943232
551374848128
9259542122736910336
551374815232
141288326332416
550837977088
141288326299648
550837944320
9259542122736943232
551374848128
9259542122736910336
551374815232
141288326332416
550837977088
141288326299648
550837944320
9259542122736943232
551374848128
9259542122736910336
551374815232
141288326332416
550837977088
141288326299648
550837944320
9259542122736943232
551374848128
9259542122736910336
551374815232
141288326332416
550837977088
141288326299648
550837944320
9259542122736943232
551374848128
9259542122736910336
551374815232
141288326332416
550837977088
141288326299648
550837944320
9259542122736943232
551374848128
9259542122736910336
551374815232
141288326332416
550837977088
141288326299648
550837944320
9259542122736943232
551374848128
9259542122736910336
551374815232
141288326332416
550837977088
141288326299648
550837944320
9259542122200072320
550837977216
9259542122200039424
550837944320
141289383297152
551894941824
141289383264256
551894908928
9259542122200072320
550837977216
9259542122200039424
550837944320
141289366519936
551878164608
141289366487040
551878131712
9259542122200072320
550837977216
9259542122200039424
550837944320
141289332965504
551844610176
141289332932608
551844577280
9259542122200072320
550837977216
9259542122200039424
550837944320
141289332965504
551844610176
141289332932608
551844577280
9259542122200072320
550837977216
9259542122200039424
550837944320
141289265856640
551777501312
141289265823744
551777468416
9259542122200072320
550837977216
9259542122200039424
550837944320
141289265856640
551777501312
141289265823744
551777468416
9259542122200072320
550837977216
9259542122200039424
550837944320
141289265856640
551777501312
141289265823744
551777468416
9259542122200072320
550837977216
9259542122200039424
550837944320
141289265856640
551777501312
141289265823744
551777468416
9259542122200072320
550837977216
9259542122200039424
550837944320
141289131638912
551643283584
141289131606016
551643250688
9259542122200072320
550837977216
9259542122200039424
550837944320
141289131638912
551643283584
141289131606016
551643250688
9259542122200072320
550837977216
9259542122200039424
550837944320
141289131638912
551643283584
141289131606016
551643250688
9259542122200072320
550837977216
9259542122200039424
550837944320
141289131638912
551643283584
141289131606016
551643250688
9259542122200072320
550837977216
9259542122200039424
550837944320
141289131638912
551643283584
141289131606016
551643250688
9259542122200072320
550837977216
9259542122200039424
550837944320
141289131638912
551643283584
141289131606016
551643250688
9259542122200072320
550837977216
9259542122200039424
550837944320
141289131638912
551643283584
141289131606016
551643250688
9259542122200072320
550837977216
9259542122200039424
550837944320
141289131638912
551643283584
141289131606016
551643250688
9259542122200072320
550837977216
9259542122200039424
550837944320
141288863203456
551374848128
141288863170560
551374815232
9259542122200072320
550837977216
9259542122200039424
550837944320
141288863203456
551374848128
141288863170560
551374815232
9259542122200072320
550837977216
9259542122200039424
550837944320
141288863203456
551374848128
141288863170560
551374815232
9259542122200072320
550837977216
9259542122200039424
550837944320
141288863203456
551374848128
141288863170560
551374815232
9259542122200072320
550837977216
9259542122200039424
550837944320
141288863203456
551374848128
141288863170560
551374815232
9259542122200072320
550837977216
9259542122200039424
550837944320
141288863203456
551374848128
141288863170560
551374815232
9259542122200072320
550837977216
9259542122200039424
550837944320
141288863203456
551374848128
141288863170560
551374815232
9259542122200072320
550837977216
9259542122200039424
550837944320
141288863203456
551374848128
141288863170560
551374815232
9259542122200072320
550837977216
9259542122200039424
550837944320
141288863203456
551374848128
141288863170560
551374815232
9259542122200072320
550837977216
9259542122200039424
550837944320
141288863203456
551374848128
141288863170560
551374815232
9259542122200072320
550837977216
9259542122200039424
550837944320
141288863203456
551374848128
141288863170560
551374815232
9259542122200072320
550837977216
9259542122200039424
550837944320
141288863203456
551374848128
141288863170560
551374815232
9259542122200072320
550837977216
9259542122200039424
550837944320
141288863203456
551374848128
141288863170560
551374815232
9259542122200072320
550837977216
9259542122200039424
550837944320
141288863203456
551374848128
141288863170560
551374815232
9259542122200072320
550837977216
9259542122200039424
550837944320
141288863203456
551374848128
141288863170560
551374815232
9259542122200072320
550837977216
9259542122200039424
550837944320
141288863203456
551374848128
141288863170560
551374815232
9259542123257036800
551894941696
9259542123257004032
551894908928
141288326332544
550837977216
141288326299648
550837944320
9259542123240259584
551878164480
9259542123240226816
551878131712
141288326332544
550837977216
141288326299648
550837944320
9259542123206705152
551844610048
9259542123206672384
551844577280
141288326332544
550837977216
141288326299648
550837944320
9259542123206705152
551844610048
9259542123206672384
551844577280
141288326332544
550837977216
141288326299648
550837944320
9259542123139596288
551777501184
9259542123139563520
551777468416
141288326332544
550837977216
141288326299648
550837944320
9259542123139596288
551777501184
9259542123139563520
551777468416
141288326332544
550837977216
141288326299648
550837944320
9259542123139596288
551777501184
9259542123139563520
551777468416
141288326332544
550837977216
141288326299648
550837944320
9259542123139596288
551777501184
9259542123139563520
551777468416
141288326332544
550837977216
141288326299648
550837944320
9259542123005378560
551643283456
9259542123005345792
551643250688
141288326332544
550837977216
141288326299648
550837944320
9259542123005378560
551643283456
9259542123005345792
551643250688
141288326332544
550837977216
141288326299648
550837944320
9259542123005378560
551643283456
9259542123005345792
551643250688
141288326332544
550837977216
141288326299648
550837944320
9259542123005378560
551643283456
9259542123005345792
551643250688
141288326332544
550837977216
141288326299648
550837944320
9259542123005378560
551643283456
9259542123005345792
551643250688
141288326332544
550837977216
141288326299648
550837944320
9259542123005378560
551643283456
9259542123005345792
551643250688
141288326332544
550837977216
141288326299648
550837944320
9259542123005378560
551643283456
9259542123005345792
551643250688
141288326332544
550837977216
141288326299648
550837944320
9259542123005378560
551643283456
9259542123005345792
551643250688
141288326332544
550837977216
141288326299648
550837944320
9259542122736943104
551374848000
9259542122736910336
551374815232
141288326332544
550837977216
141288326299648
550837944320
9259542122736943104
551374848000
9259542122736910336
551374815232
141288326332544
550837977216
141288326299648
550837944320
9259542122736943104
551374848000
9259542122736910336
551374815232
141288326332544
550837977216
141288326299648
550837944320
9259542122736943104
551374848000
9259542122736910336
551374815232
141288326332544
550837977216
141288326299648
550837944320
9259542122736943104
551374848000
9259542122736910336
551374815232
141288326332544
550837977216
141288326299648
550837944320
9259542122736943104
551374848000
9259542122736910336
551374815232
141288326332544
550837977216
141288326299648
550837944320
9259542122736943104
551374848000
9259542122736910336
551374815232
141288326332544
550837977216
141288326299648
550837944320
9259542122736943104
551374848000
9259542122736910336
551374815232
141288326332544
550837977216
141288326299648
550837944320
9259542122736943104
551374848000
9259542122736910336
551374815232
141288326332544
550837977216
141288326299648
550837944320
9259542122736943104
551374848000
9259542122736910336
551374815232
141288326332544
550837977216
141288326299648
550837944320
9259542122736943104
551374848000
9259542122736910336
551374815232
141288326332544
550837977216
141288326299648
550837944320
9259542122736943104
551374848000
9259542122736910336
551374815232
141288326332544
550837977216
141288326299648
550837944320
9259542122736943104
551374848000
9259542122736910336
551374815232
141288326332544
550837977216
141288326299648
550837944320
9259542122736943104
551374848000
9259542122736910336
551374815232
141288326332544
550837977216
141288326299648
550837944320
9259542122736943104
551374848000
9259542122736910336
551374815232
141288326332544
550837977216
141288326299648
550837944320
9259542122736943104
551374848000
9259542122736910336
551374815232
141288326332544
550837977216
141288326299648
550837944320
9259542122200072192
550837977088
9259542122200039424
550837944320
141289383297024
551894941696
141289383264256
551894908928
9259542122200072192
550837977088
9259542122200039424
550837944320
141289366519808
551878164480
141289366487040
551878131712
9259542122200072192
550837977088
9259542122200039424
550837944320
141289332965376
551844610048
141289332932608
551844577280
9259542122200072192
550837977088
9259542122200039424
550837944320
141289332965376
551844610048
141289332932608
551844577280
9259542122200072192
550837977088
9259542122200039424
550837944320
141289265856512
551777501184
141289265823744
551777468416
9259542122200072192
550837977088
9259542122200039424
550837944320
141289265856512
551777501184
141289265823744
551777468416
9259542122200072192
550837977088
9259542122200039424
550837944320
141289265856512
551777501184
141289265823744
551777468416
9259542122200072192
550837977088
9259542122200039424
550837944320
141289265856512
551777501184
141289265823744
551777468416
9259542122200072192
550837977088
9259542122200039424
550837944320
141289131638784
551643283456
141289131606016
551643250688
9259542122200072192
550837977088
9259542122200039424
550837944320
141289131638784
551643283456
141289131606016
551643250688
9259542122200072192
550837977088
9259542122200039424
550837944320
141289131638784
551643283456
141289131606016
551643250688
9259542122200072192
550837977088
9259542122200039424
550837944320
141289131638784
551643283456
141289131606016
551643250688
9259542122200072192
550837977088
9259542122200039424
550837944320
141289131638784
551643283456
141289131606016
551643250688
9259542122200072192
550837977088
9259542122200039424
550837944320
141289131638784
551643283456
141289131606016
551643250688
9259542122200072192
550837977088
9259542122200039424
550837944320
141289131638784
551643283456
141289131606016
551643250688
9259542122200072192
550837977088
9259542122200039424
550837944320
141289131638784
551643283456
141289131606016
551643250688
9259542122200072192
550837977088
9259542122200039424
550837944320
141288863203328
551374848000
141288863170560
551374815232
9259542122200072192
550837977088
9259542122200039424
550837944320
141288863203328
551374848000
141288863170560
551374815232
9259542122200072192
550837977088
9259542122200039424
550837944320
141288863203328
551374848000
141288863170560
551374815232
9259542122200072192
550837977088
9259542122200039424
550837944320
141288863203328
551374848000
141288863170560
551374815232
9259542122200072192
550837977088
9259542122200039424
550837944320
141288863203328
551374848000
141288863170560
551374815232
9259542122200072192
550837977088
9259542122200039424
550837944320
141288863203328
551374848000
141288863170560
551374815232
9259542122200072192
550837977088
9259542122200039424
550837944320
141288863203328
551374848000
141288863170560
551374815232
9259542122200072192
550837977088
9259542122200039424
550837944320
141288863203328
551374848000
141288863170560
551374815232
9259542122200072192
550837977088
9259542122200039424
550837944320
141288863203328
551374848000
141288863170560
551374815232
9259542122200072192
550837977088
9259542122200039424
550837944320
141288863203328
551374848000
141288863170560
551374815232
9259542122200072192
550837977088
9259542122200039424
550837944320
141288863203328
551374848000
141288863170560
551374815232
9259542122200072192
550837977088
9259542122200039424
550837944320
141288863203328
551374848000
141288863170560
551374815232
9259542122200072192
550837977088
9259542122200039424
550837944320
141288863203328
551374848000
141288863170560
551374815232
9259542122200072192
550837977088
9259542122200039424
550837944320
141288863203328
551374848000
141288863170560
551374815232
9259542122200072192
550837977088
9259542122200039424
550837944320
141288863203328
551374848000
141288863170560
551374815232
9259542122200072192
550837977088
9259542122200039424
550837944320
141288863203328
551374848000
141288863170560
551374815232
36170086402261120
551894941824
36170086402228224
551894908928
141288326332416
550837977088
141288326299648
550837944320
36170086385483904
551878164608
36170086385451008
551878131712
141288326332416
550837977088
141288326299648
550837944320
36170086351929472
551844610176
36170086351896576
551844577280
141288326332416
550837977088
141288326299648
550837944320
36170086351929472
551844610176
36170086351896576
551844577280
141288326332416
550837977088
141288326299648
550837944320
36170086284820608
551777501312
36170086284787712
551777468416
141288326332416
550837977088
141288326299648
550837944320
36170086284820608
551777501312
36170086284787712
551777468416
141288326332416
550837977088
141288326299648
550837944320
36170086284820608
551777501312
36170086284787712
551777468416
141288326332416
550837977088
141288326299648
550837944320
36170086284820608
551777501312
36170086284787712
551777468416
141288326332416
550837977088
141288326299648
550837944320
36170086150602880
551643283584
36170086150569984
551643250688
141288326332416
550837977088
141288326299648
550837944320
36170086150602880
551643283584
36170086150569984
551643250688
141288326332416
550837977088
141288326299648
550837944320
36170086150602880
551643283584
36170086150569984
551643250688
141288326332416
550837977088
141288326299648
550837944320
36170086150602880
551643283584
36170086150569984
551643250688
141288326332416
550837977088
141288326299648
550837944320
36170086150602880
551643283584
36170086150569984
551643250688
141288326332416
550837977088
141288326299648
550837944320
36170086150602880
551643283584
36170086150569984
551643250688
141288326332416
550837977088
141288326299648
550837944320
36170086150602880
551643283584
36170086150569984
551643250688
141288326332416
550837977088
141288326299648
550837944320
36170086150602880
551643283584
36170086150569984
551643250688
141288326332416
550837977088
141288326299648
550837944320
36170085882167424
551374848128
36170085882134528
551374815232
141288326332416
550837977088
141288326299648
550837944320
36170085882167424
551374848128
36170085882134528
551374815232
141288326332416
550837977088
141288326299648
550837944320
36170085882167424
551374848128
36170085882134528
551374815232
141288326332416
550837977088
141288326299648
550837944320
36170085882167424
551374848128
36170085882134528
551374815232
141288326332416
550837977088
141288326299648
550837944320
36170085882167424
551374848128
36170085882134528
551374815232
141288326332416
550837977088
141288326299648
550837944320
36170085882167424
551374848128
36170085882134528
551374815232
141288326332416
550837977088
141288326299648
550837944320
36170085882167424
551374848128
36170085882134528
551374815232
141288326332416
550837977088
141288326299648
550837944320
36170085882167424
551374848128
36170085882134528
551374815232
141288326332416
550837977088
141288326299648
550837944320
36170085882167424
551374848128
36170085882134528
551374815232
141288326332416
550837977088
141288326299648
550837944320
36170085882167424
551374848128
36170085882134528
551374815232
141288326332416
550837977088
141288326299648
550837944320
36170085882167424
551374848128
36170085882134528
551374815232
141288326332416
550837977088
141288326299648
550837944320
36170085882167424
551374848128
36170085882134528
551374815232
141288326332416
550837977088
141288326299648
550837944320
36170085882167424
551374848128
36170085882134528
551374815232
141288326332416
550837977088
141288326299648
550837944320
36170085882167424
551374848128
36170085882134528
551374815232
141288326332416
550837977088
141288326299648
550837944320
36170085882167424
551374848128
36170085882134528
551374815232
141288326332416
550837977088
141288326299648
550837944320
36170085882167424
551374848128
36170085882134528
551374815232
141288326332416
550837977088
141288326299648
550837944320
36170085345296512
550837977216
36170085345263616
550837944320
141289383297152
551894941824
141289383264256
551894908928
36170085345296512
550837977216
36170085345263616
550837944320
141289366519936
551878164608
141289366487040
551878131712
36170085345296512
550837977216
36170085345263616
550837944320
141289332965504
551844610176
141289332932608
551844577280
36170085345296512
550837977216
36170085345263616
550837944320
141289332965504
551844610176
141289332932608
551844577280
36170085345296512
550837977216
36170085345263616
550837944320
141289265856640
551777501312
141289265823744
551777468416
36170085345296512
550837977216
36170085345263616
550837944320
141289265856640
551777501312
141289265823744
551777468416
36170085345296512
550837977216
36170085345263616
550837944320
141289265856640
551777501312
141289265823744
551777468416
36170085345296512
550837977216
36170085345263616
550837944320
141289265856640
551777501312
141289265823744
551777468416
36170085345296512
550837977216
36170085345263616
550837944320
141289131638912
551643283584
141289131606016
551643250688
36170085345296512
550837977216
36170085345263616
550837944320
141289131638912
551643283584
141289131606016
551643250688
36170085345296512
550837977216
36170085345263616
550837944320
141289131638912
551643283584
141289131606016
551643250688
36170085345296512
550837977216
36170085345263616
550837944320
141289131638912
551643283584
141289131606016
551643250688
36170085345296512
550837977216
36170085345263616
550837944320
141289131638912
551643283584
141289131606016
551643250688
36170085345296512
550837977216
36170085345263616
550837944320
141289131638912
551643283584
141289131606016
551643250688
36170085345296512
550837977216
36170085345263616
550837944320
141289131638912
551643283584
141289131606016
551643250688
36170085345296512
550837977216
36170085345263616
550837944320
141289131638912
551643283584
141289131606016
551643250688
36170085345296512
550837977216
36170085345263616
550837944320
141288863203456
551374848128
141288863170560
551374815232
36170085345296512
550837977216
36170085345263616
550837944320
141288863203456
551374848128
141288863170560
551374815232
36170085345296512
550837977216
36170085345263616
550837944320
141288863203456
551374848128
141288863170560
551374815232
36170085345296512
550837977216
36170085345263616
550837944320
141288863203456
551374848128
141288863170560
551374815232
36170085345296512
550837977216
36170085345263616
550837944320
141288863203456
551374848128
141288863170560
551374815232
36170085345296512
550837977216
36170085345263616
550837944320
141288863203456
551374848128
141288863170560
551374815232
36170085345296512
550837977216
36170085345263616
550837944320
141288863203456
551374848128
141288863170560
551374815232
36170085345296512
550837977216
36170085345263616
550837944320
141288863203456
551374848128
141288863170560
551374815232
36170085345296512
550837977216
36170085345263616
550837944320
141288863203456
551374848128
141288863170560
551374815232
36170085345296512
550837977216
36170085345263616
550837944320
141288863203456
551374848128
141288863170560
551374815232
36170085345296512
550837977216
36170085345263616
550837944320
141288863203456
551374848128
141288863170560
551374815232
36170085345296512
550837977216
36170085345263616
550837944320
141288863203456
551374848128
141288863170560
551374815232
36170085345296512
550837977216
36170085345263616
550837944320
141288863203456
551374848128
141288863170560
551374815232
36170085345296512
550837977216
36170085345263616
550837944320
141288863203456
551374848128
141288863170560
551374815232
36170085345296512
550837977216
36170085345263616
550837944320
141288863203456
551374848128
141288863170560
551374815232
36170085345296512
550837977216
36170085345263616
550837944320
141288863203456
551374848128
141288863170560
551374815232
36170086402260992
551894941696
36170086402228224
551894908928
141288326332544
550837977216
141288326299648
550837944320
36170086385483776
551878164480
36170086385451008
551878131712
141288326332544
550837977216
141288326299648
550837944320
36170086351929344
551844610048
36170086351896576
551844577280
141288326332544
550837977216
141288326299648
550837944320
36170086351929344
551844610048
36170086351896576
551844577280
141288326332544
550837977216
141288326299648
550837944320
36170086284820480
551777501184
36170086284787712
551777468416
141288326332544
550837977216
141288326299648
550837944320
36170086284820480
551777501184
36170086284787712
551777468416
141288326332544
550837977216
141288326299648
550837944320
36170086284820480
551777501184
36170086284787712
551777468416
141288326332544
550837977216
141288326299648
550837944320
36170086284820480
551777501184
36170086284787712
551777468416
141288326332544
550837977216
141288326299648
550837944320
36170086150602752
551643283456
36170086150569984
551643250688
141288326332544
550837977216
141288326299648
550837944320
36170086150602752
551643283456
36170086150569984
551643250688
141288326332544
550837977216
141288326299648
550837944320
36170086150602752
551643283456
36170086150569984
551643250688
141288326332544
550837977216
141288326299648
550837944320
36170086150602752
551643283456
36170086150569984
551643250688
141288326332544
550837977216
141288326299648
550837944320
36170086150602752
551643283456
36170086150569984
551643250688
141288326332544
550837977216
141288326299648
550837944320
36170086150602752
551643283456
36170086150569984
551643250688
141288326332544
550837977216
141288326299648
550837944320
36170086150602752
551643283456
36170086150569984
551643250688
141288326332544
550837977216
141288326299648
550837944320
36170086150602752
551643283456
36170086150569984
551643250688
141288326332544
550837977216
141288326299648
550837944320
36170085882167296
551374848000
36170085882134528
551374815232
141288326332544
550837977216
141288326299648
550837944320
36170085882167296
551374848000
36170085882134528
551374815232
141288326332544
550837977216
141288326299648
550837944320
36170085882167296
551374848000
36170085882134528
551374815232
141288326332544
550837977216
141288326299648
550837944320
36170085882167296
551374848000
36170085882134528
551374815232
141288326332544
550837977216
141288326299648
550837944320
36170085882167296
551374848000
36170085882134528
551374815232
141288326332544
550837977216
141288326299648
550837944320
36170085882167296
551374848000
36170085882134528
551374815232
141288326332544
550837977216
141288326299648
550837944320
36170085882167296
551374848000
36170085882134528
551374815232
141288326332544
550837977216
141288326299648
550837944320
36170085882167296
551374848000
36170085882134528
551374815232
141288326332544
550837977216
141288326299648
550837944320
36170085882167296
551374848000
36170085882134528
551374815232
141288326332544
550837977216
141288326299648
550837944320
36170085882167296
551374848000
36170085882134528
551374815232
141288326332544
550837977216
141288326299648
550837944320
36170085882167296
551374848000
36170085882134528
551374815232
141288326332544
550837977216
141288326299648
550837944320
36170085882167296
551374848000
36170085882134528
551374815232
141288326332544
550837977216
141288326299648
550837944320
36170085882167296
551374848000
36170085882134528
551374815232
141288326332544
550837977216
141288326299648
550837944320
36170085882167296
551374848000
36170085882134528
551374815232
141288326332544
550837977216
141288326299648
550837944320
36170085882167296
551374848000
36170085882134528
551374815232
141288326332544
550837977216
141288326299648
550837944320
36170085882167296
551374848000
36170085882134528
551374815232
141288326332544
550837977216
141288326299648
550837944320
36170085345296384
550837977088
36170085345263616
550837944320
141289383297024
551894941696
141289383264256
551894908928
36170085345296384
550837977088
36170085345263616
550837944320
141289366519808
551878164480
141289366487040
551878131712
36170085345296384
550837977088
36170085345263616
550837944320
141289332965376
551844610048
141289332932608
551844577280
36170085345296384
550837977088
36170085345263616
550837944320
141289332965376
551844610048
141289332932608
551844577280
36170085345296384
550837977088
36170085345263616
550837944320
141289265856512
551777501184
141289265823744
551777468416
36170085345296384
550837977088
36170085345263616
550837944320
141289265856512
551777501184
141289265823744
551777468416
36170085345296384
550837977088
36170085345263616
550837944320
141289265856512
551777501184
141289265823744
551777468416
36170085345296384
550837977088
36170085345263616
550837944320
141289265856512
551777501184
141289265823744
551777468416
36170085345296384
550837977088
36170085345263616
550837944320
141289131638784
551643283456
141289131606016
551643250688
36170085345296384
550837977088
36170085345263616
550837944320
141289131638784
551643283456
141289131606016
551643250688
36170085345296384
550837977088
36170085345263616
550837944320
141289131638784
551643283456
141289131606016
551643250688
36170085345296384
550837977088
36170085345263616
550837944320
141289131638784
551643283456
141289131606016
551643250688
36170085345296384
550837977088
36170085345263616
550837944320
141289131638784
551643283456
141289131606016
551643250688
36170085345296384
550837977088
36170085345263616
550837944320
141289131638784
551643283456
141289131606016
551643250688
36170085345296384
550837977088
36170085345263616
550837944320
141289131638784
551643283456
141289131606016
551643250688
36170085345296384
550837977088
36170085345263616
550837944320
141289131638784
551643283456
141289131606016
551643250688
36170085345296384
550837977088
36170085345263616
550837944320
141288863203328
551374848000
141288863170560
551374815232
36170085345296384
550837977088
36170085345263616
550837944320
141288863203328
551374848000
141288863170560
551374815232
36170085345296384
550837977088
36170085345263616
550837944320
141288863203328
551374848000
141288863170560
551374815232
36170085345296384
550837977088
36170085345263616
550837944320
141288863203328
551374848000
141288863170560
551374815232
36170085345296384
550837977088
36170085345263616
550837944320
141288863203328
551374848000
141288863170560
551374815232
36170085345296384
550837977088
36170085345263616
550837944320
141288863203328
551374848000
141288863170560
551374815232
36170085345296384
550837977088
36170085345263616
550837944320
141288863203328
551374848000
141288863170560
551374815232
36170085345296384
550837977088
36170085345263616
550837944320
141288863203328
551374848000
141288863170560
551374815232
36170085345296384
550837977088
36170085345263616
550837944320
141288863203328
551374848000
141288863170560
551374815232
36170085345296384
550837977088
36170085345263616
550837944320
141288863203328
551374848000
141288863170560
551374815232
36170085345296384
550837977088
36170085345263616
550837944320
141288863203328
551374848000
141288863170560
551374815232
36170085345296384
550837977088
36170085345263616
550837944320
141288863203328
551374848000
141288863170560
551374815232
36170085345296384
550837977088
36170085345263616
550837944320
141288863203328
551374848000
141288863170560
551374815232
36170085345296384
550837977088
36170085345263616
550837944320
141288863203328
551374848000
141288863170560
551374815232
36170085345296384
550837977088
36170085345263616
550837944320
141288863203328
551374848000
141288863170560
551374815232
36170085345296384
550837977088
36170085345263616
550837944320
141288863203328
551374848000
141288863170560
551374815232
0
0
0
0
0
0
0
0
0
0
0
0
0
0
0
0
0
0
0
0
0
0
0
0
0
0
0
0
0
0
0
0
0
0
0
0
0
0
0
0
0
0
0
0
0
0
0
0
0
0
0
0
0
0
0
0
0
0
0
0
0
0
0
0
0
0
0
0
0
0
0
0
0
0
0
0
0
0
0
0
0
0
0
0
0
0
0
0
0
0
0
0
0
0
0
0
0
0
0
0
0
0
0
0
0
0
0
0
0
0
0
0
0
0
0
0
0
0
0
0
0
0
0
0
0
0
0
0
0
0
0
0
0
0
0
0
0
0
0
0
0
0
0
0
0
0
0
0
0
0
0
0
0
0
0
0
0
0
0
0
0
0
0
0
0
0
0
0
0
0
0
0
0
0
0
0
0
0
0
0
0
0
0
0
0
0
0
0
0
0
0
0
0
0
0
0
0
0
0
0
0
0
0
0
0
0
0
0
0
0
0
0
0
0
0
0
0
0
0
0
0
0
0
0
0
0
0
0
0
0
0
0
0
0
0
0
0
0
0
0
0
0
0
0
0
0
0
0
0
0
0
0
0
0
0
0
0
0
0
0
0
0
0
0
0
0
0
0
0
0
0
0
0
0
0
0
0
0
0
0
0
0
0
0
0
0
0
0
0
0
0
0
0
0
0
0
0
0
0
0
0
0
0
0
0
0
0
0
0
0
0
0
0
0
0
0
0
0
0
0
0
0
0
0
0
0
0
0
0
0
0
0
0
0
0
0
0
0
0
0
0
0
0
0
0
0
0
0
0
0
0
0
0
0
0
0
0
0
0
0
0
0
0
0
0
0
0
0
0
0
0
0
0
0
0
0
0
0
0
0
0
0
0
0
0
0
0
0
0
0
0
0
0
0
0
0
0
0
0
0
0
0
0
0
0
0
0
0
0
0
0
0
0
0
0
0
0
0
0
0
0
0
0
0
0
0
0
0
0
0
0
0
0
0
0
0
0
0
0
0
0
0
0
0
0
0
0
0
0
0
0
0
0
0
0
0
0
0
0
0
0
0
0
0
0
0
0
0
0
0
0
0
0
0
0
0
0
0
0
0
0
0
0
0
0
0
0
0
0
0
0
0
0
0
0
0
0
0
0
0
0
0
0
0
0
0
0
0
0
0
0
0
0
0
0
0
0
0
0
0
0
0
0
0
0
0
0
0
0
0
0
0
0
0
0
0
0
0
0
0
0
0
0
0
0
0
0
0
0
0
0
0
0
0
0
0
0
0
0
0
0
0
0
0
0
0
0
0
0
0
0
0
0
0
0
0
0
0
0
0
0
0
0
0
0
0
0
0
0
0
0
0
0
0
0
0
0
0
0
0
0
0
0
0
0
0
0
0
0
0
0
0
0
0
0
0
0
0
0
0
0
0
0
0
0
0
0
0
0
0
0
0
0
0
0
0
0
0
0
0
0
0
0
0
0
0
0
0
0
0
0
0
0
0
0
0
0
0
0
0
0
0
0
0
0
0
0
0
0
0
0
0
0
0
0
0
0
0
0
0
0
0
0
0
0
0
0
0
0
0
0
0
0
0
0
0
0
0
0
0
0
0
0
0
0
0
0
0
0
0
0
0
0
0
0
0
0
0
0
0
0
0
0
0
0
0
0
0
0
0
0
0
0
0
0
0
0
0
0
0
0
0
0
0
0
0
0
0
0
0
0
0
0
0
0
0
0
0
0
0
0
0
0
0
0
0
0
0
0
0
0
0
0
0
0
0
0
0
0
0
0
0
0
0
0
0
0
0
0
0
0
0
0
0
0
0
0
0
0
0
0
0
0
0
0
0
0
0
0
0
0
0
0
0
0
0
0
0
0
0
0
0
0
0
0
0
0
0
0
0
0
0
0
0
0
0
0
0
0
0
0
0
0
0
0
0
0
0
0
0
0
0
0
0
0
0
0
0
0
0
0
0
0
0
0
0
0
0
0
0
0
0
0
0
0
0
0
0
0
0
0
0
0
0
0
0
0
0
0
0
0
0
0
0
0
0
0
0
0
0
0
0
0
0
0
0
0
0
0
0
0
0
0
0
0
0
0
0
0
0
0
0
0
0
0
0
0
0
0
0
0
0
0
0
0
0
0
0
0
0
0
0
0
0
0
0
0
0
0
0
0
0
0
0
0
0
0
0
0
0
0
0
0
0
0
0
0
0
0
0
0
0
0
0
0
0
0
0
0
0
0
0
0
0
0
0
0
0
0
0
0
0
0
0
0
0
0
0
0
0
0
0
0
0
0
0
0
0
0
0
0
0
0
0
0
0
0
0
0
0
0
0
0
0
0
0
0
0
0
0
0
0
0
0
0
0
0
0
0
0
0
0
0
0
0
0
0
0
0
0
0
0
0
0
0
0
0
0
0
0
0
0
0
0
0
0
0
0
0
0
0
0
0
0
0
0
0
0
0
0
0
0
0
0
0
0
0
0
0
0
0
0
0
0
0
0
0
0
0
0
0
0
0
0
0
0
0
0
0
0
0
0
0
0
0
0
0
0
0
0
0
0
0
0
0
0
0
0
0
0
0
0
0
0
0
0
0
0
0
0
0
0
0
0
0
0
0
0
0
0
0
0
0
0
0
0
0
0
0
0
0
0
0
0
0
0
0
0
0
0
0
0
0
0
0
0
0
0
0
0
0
0
0
0
0
0
0
0
0
0
0
0
0
0
0
0
0
0
0
0
0
0
0
0
0
0
0
0
0
0
0
0
0
0
0
0
0
0
0
0
0
0
0
0
0
0
0
0
0
0
0
0
0
0
0
0
0
0
0
0
0
0
0
0
0
0
0
0
0
0
0
0
0
0
0
0
0
0
0
0
0
0
0
0
0
0
0
0
0
0
0
0
0
0
0
0
0
0
0
0
0
0
0
0
0
0
0
0
0
0
0
0
0
0
0
0
0
0
0
0
0
0
0
0
0
0
0
0
0
0
0
0
0
0
0
0
0
0
0
0
0
0
0
0
0
0
0
0
0
0
0
0
0
0
0
0
0
0
0
0
0
0
0
0
0
0
0
0
0
0
0
0
0
0
0
0
0
0
0
0
0
0
0
0
0
0
0
0
0
0
0
0
0
0
0
0
0
0
0
0
0
0
0
0
0
0
0
0
0
0
0
0
0
0
0
0
0
0
0
0
0
0
0
0
0
0
0
0
0
0
0
0
0
0
0
0
0
0
0
0
0
0
0
0
0
0
0
0
0
0
0
0
0
0
0
0
0
0
0
0
0
0
0
0
0
0
0
0
0
0
0
0
0
0
0
0
0
0
0
0
0
0
0
0
0
0
0
0
0
0
0
0
0
0
0
0
0
0
0
0
0
0
0
0
0
0
0
0
0
0
0
0
0
0
0
0
0
0
0
0
0
0
0
0
0
0
0
0
0
0
0
0
0
0
0
0
0
0
0
0
0
0
0
0
0
0
0
0
0
0
0
0
0
0
0
0
0
0
0
0
0
0
0
0
0
0
0
0
0
0
0
0
0
0
0
0
0
0
0
0
0
0
0
0
0
0
0
0
0
0
0
0
0
0
0
0
0
0
0
0
0
0
0
0
0
0
0
0
0
0
0
0
0
0
0
0
0
0
0
0
0
0
0
0
0
0
0
0
0
0
0
0
0
0
0
0
0
0
0
0
0
0
0
0
0
0
0
0
0
0
0
0
0
0
0
0
0
0
0
0
0
0
0
0
0
0
0
0
0
0
0
0
0
0
0
0
0
0
0
0
0
0
0
0
0
0
0
0
0
0
0
0
0
0
0
0
0
0
0
0
0
0
0
0
0
0
0
0
0
0
0
0
0
0
0
0
0
0
0
0
0
0
0
0
0
0
0
0
0
0
0
0
0
0
0
0
0
0
0
0
0
0
0
0
0
0
0
0
0
0
0
0
0
0
0
0
0
0
0
0
0
0
0
0
0
0
0
0
0
0
0
0
0
0
0
0
0
0
0
0
0
0
0
0
0
0
0
0
0
0
0
0
0
0
0
0
0
0
0
0
0
0
0
0
0
0
0
0
0
0
0
0
0
0
0
0
0
0
0
0
0
0
0
0
0
0
0
0
0
0
0
0
0
0
0
0
0
0
0
0
0
0
0
0
0
0
0
0
0
0
0
0
0
0
0
0
0
0
0
0
0
0
0
0
0
0
0
0
0
0
0
0
0
0
0
0
0
0
0
0
0
0
0
0
0
0
0
0
0
0
0
0
0
0
0
0
0
0
0
0
0
0
0
0
0
0
0
0
0
0
0
0
0
0
0
0
0
0
0
0
0
0
0
0
0
0
0
0
0
0
0
0
0
0
0
0
0
0
0
0
0
0
0
0
0
0
0
0
0
0
0
0
0
0
0
0
0
0
0
0
0
0
0
0
0
0
0
0
0
0
0
0
0
0
0
0
0
0
0
0
0
0
0
0
0
0
0
0
0
0
0
0
0
0
0
0
0
0
0
0
0
0
0
0
0
0
0
0
0
0
0
0
0
0
0
0
0
0
0
0
0
0
0
0
0
0
0
0
0
0
0
0
0
0
0
0
0
0
0
0
0
0
0
0
0
0
0
0
0
0
0
0
0
0
0
0
0
0
0
0
0
0
0
0
0
0
0
0
