578722409201797128
578722409201797120
9857084688392
9857084688384
578722404906829832
578722404906829824
9852789721096
9852789721088
578722396316895240
578722396316895232
9844199786504
9844199786496
578722396316895240
578722396316895232
9844199786504
9844199786496
578722409201270784
578722409201270784
9857084162048
9857084162048
578722404906303488
578722404906303488
9852789194752
9852789194752
578722396316368896
578722396316368896
9844199260160
9844199260160
578722396316368896
578722396316368896
9844199260160
9844199260160
578721447129122824
578721447129122816
8895012014088
8895012014080
578721442834155528
578721442834155520
8890717046792
8890717046784
578721434244220936
578721434244220928
8882127112200
8882127112192
578721434244220936
578721434244220928
8882127112200
8882127112192
578721447128596480
578721447128596480
8895011487744
8895011487744
578721442833629184
578721442833629184
8890716520448
8890716520448
578721434243694592
578721434243694592
8882126585856
8882126585856
578721434243694592
578721434243694592
8882126585856
8882126585856
578721584568076296
578721584568076288
9032450967560
9032450967552
578721580273109000
578721580273108992
9028156000264
9028156000256
578721571683174408
578721571683174400
9019566065672
9019566065664
578721571683174408
578721571683174400
9019566065672
9019566065664
578721584567549952
578721584567549952
9032450441216
9032450441216
578721580272582656
578721580272582656
9028155473920
9028155473920
578721571682648064
578721571682648064
9019565539328
9019565539328
578721571682648064
578721571682648064
9019565539328
9019565539328
578721447129122824
578721447129122816
8895012014088
8895012014080
578721442834155528
578721442834155520
8890717046792
8890717046784
578721434244220936
578721434244220928
8882127112200
8882127112192
578721434244220936
578721434244220928
8882127112200
8882127112192
578721447128596480
578721447128596480
8895011487744
8895011487744
578721442833629184
578721442833629184
8890716520448
8890716520448
578721434243694592
578721434243694592
8882126585856
8882126585856
578721434243694592
578721434243694592
8882126585856
8882126585856
578721859445983240
578721859445983232
9307328874504
9307328874496
578721855151015944
578721855151015936
9303033907208
9303033907200
578721846561081352
578721846561081344
9294443972616
9294443972608
578721846561081352
578721846561081344
9294443972616
9294443972608
578721859445456896
578721859445456896
9307328348160
9307328348160
578721855150489600
578721855150489600
9303033380864
9303033380864
578721846560555008
578721846560555008
9294443446272
9294443446272
578721846560555008
578721846560555008
9294443446272
9294443446272
578721447129122824
578721447129122816
8895012014088
8895012014080
578721442834155528
578721442834155520
8890717046792
8890717046784
578721434244220936
578721434244220928
8882127112200
8882127112192
578721434244220936
578721434244220928
8882127112200
8882127112192
578721447128596480
578721447128596480
8895011487744
8895011487744
578721442833629184
578721442833629184
8890716520448
8890716520448
578721434243694592
578721434243694592
8882126585856
8882126585856
578721434243694592
578721434243694592
8882126585856
8882126585856
578721584568076296
578721584568076288
9032450967560
9032450967552
578721580273109000
578721580273108992
9028156000264
9028156000256
578721571683174408
578721571683174400
9019566065672
9019566065664
578721571683174408
578721571683174400
9019566065672
9019566065664
578721584567549952
578721584567549952
9032450441216
9032450441216
578721580272582656
578721580272582656
9028155473920
9028155473920
578721571682648064
578721571682648064
9019565539328
9019565539328
578721571682648064
578721571682648064
9019565539328
9019565539328
578721447129122824
578721447129122816
8895012014088
8895012014080
578721442834155528
578721442834155520
8890717046792
8890717046784
578721434244220936
578721434244220928
8882127112200
8882127112192
578721434244220936
578721434244220928
8882127112200
8882127112192
578721447128596480
578721447128596480
8895011487744
8895011487744
578721442833629184
578721442833629184
8890716520448
8890716520448
578721434243694592
578721434243694592
8882126585856
8882126585856
578721434243694592
578721434243694592
8882126585856
8882126585856
578722409201795072
578722409201795072
9857084686336
9857084686336
578722404906827776
578722404906827776
9852789719040
9852789719040
578722396316893184
578722396316893184
9844199784448
9844199784448
578722396316893184
578722396316893184
9844199784448
9844199784448
578722409201270784
578722409201270784
9857084162048
9857084162048
578722404906303488
578722404906303488
9852789194752
9852789194752
578722396316368896
578722396316368896
9844199260160
9844199260160
578722396316368896
578722396316368896
9844199260160
9844199260160
578721447129120768
578721447129120768
8895012012032
8895012012032
578721442834153472
578721442834153472
8890717044736
8890717044736
578721434244218880
578721434244218880
8882127110144
8882127110144
578721434244218880
578721434244218880
8882127110144
8882127110144
578721447128596480
578721447128596480
8895011487744
8895011487744
578721442833629184
578721442833629184
8890716520448
8890716520448
578721434243694592
578721434243694592
8882126585856
8882126585856
578721434243694592
578721434243694592
8882126585856
8882126585856
578721584568074240
578721584568074240
9032450965504
9032450965504
578721580273106944
578721580273106944
9028155998208
9028155998208
578721571683172352
578721571683172352
9019566063616
9019566063616
578721571683172352
578721571683172352
9019566063616
9019566063616
578721584567549952
578721584567549952
9032450441216
9032450441216
578721580272582656
578721580272582656
9028155473920
9028155473920
578721571682648064
578721571682648064
9019565539328
9019565539328
578721571682648064
578721571682648064
9019565539328
9019565539328
578721447129120768
578721447129120768
8895012012032
8895012012032
578721442834153472
578721442834153472
8890717044736
8890717044736
578721434244218880
578721434244218880
8882127110144
8882127110144
578721434244218880
578721434244218880
8882127110144
8882127110144
578721447128596480
578721447128596480
8895011487744
8895011487744
578721442833629184
578721442833629184
8890716520448
8890716520448
578721434243694592
578721434243694592
8882126585856
8882126585856
578721434243694592
578721434243694592
8882126585856
8882126585856
578721859445981184
578721859445981184
9307328872448
9307328872448
578721855151013888
578721855151013888
9303033905152
9303033905152
578721846561079296
578721846561079296
9294443970560
9294443970560
578721846561079296
578721846561079296
9294443970560
9294443970560
578721859445456896
578721859445456896
9307328348160
9307328348160
578721855150489600
578721855150489600
9303033380864
9303033380864
578721846560555008
578721846560555008
9294443446272
9294443446272
578721846560555008
578721846560555008
9294443446272
9294443446272
578721447129120768
578721447129120768
8895012012032
8895012012032
578721442834153472
578721442834153472
8890717044736
8890717044736
578721434244218880
578721434244218880
8882127110144
8882127110144
578721434244218880
578721434244218880
8882127110144
8882127110144
578721447128596480
578721447128596480
8895011487744
8895011487744
578721442833629184
578721442833629184
8890716520448
8890716520448
578721434243694592
578721434243694592
8882126585856
8882126585856
578721434243694592
578721434243694592
8882126585856
8882126585856
578721584568074240
578721584568074240
9032450965504
9032450965504
578721580273106944
578721580273106944
9028155998208
9028155998208
578721571683172352
578721571683172352
9019566063616
9019566063616
578721571683172352
578721571683172352
9019566063616
9019566063616
578721584567549952
578721584567549952
9032450441216
9032450441216
578721580272582656
578721580272582656
9028155473920
9028155473920
578721571682648064
578721571682648064
9019565539328
9019565539328
578721571682648064
578721571682648064
9019565539328
9019565539328
578721447129120768
578721447129120768
8895012012032
8895012012032
578721442834153472
578721442834153472
8890717044736
8890717044736
578721434244218880
578721434244218880
8882127110144
8882127110144
578721434244218880
578721434244218880
8882127110144
8882127110144
578721447128596480
578721447128596480
8895011487744
8895011487744
578721442833629184
578721442833629184
8890716520448
8890716520448
578721434243694592
578721434243694592
8882126585856
8882126585856
578721434243694592
578721434243694592
8882126585856
8882126585856
2261656898373640
2261656898373632
9857084688392
9857084688384
2261652603406344
2261652603406336
9852789721096
9852789721088
2261644013471752
2261644013471744
9844199786504
9844199786496
2261644013471752
2261644013471744
9844199786504
9844199786496
2261656897847296
2261656897847296
9857084162048
9857084162048
2261652602880000
2261652602880000
9852789194752
9852789194752
2261644012945408
2261644012945408
9844199260160
9844199260160
2261644012945408
2261644012945408
9844199260160
9844199260160
2260694825699336
2260694825699328
8895012014088
8895012014080
2260690530732040
2260690530732032
8890717046792
8890717046784
2260681940797448
2260681940797440
8882127112200
8882127112192
2260681940797448
2260681940797440
8882127112200
8882127112192
2260694825172992
2260694825172992
8895011487744
8895011487744
2260690530205696
2260690530205696
8890716520448
8890716520448
2260681940271104
2260681940271104
8882126585856
8882126585856
2260681940271104
2260681940271104
8882126585856
8882126585856
2260832264652808
2260832264652800
9032450967560
9032450967552
2260827969685512
2260827969685504
9028156000264
9028156000256
2260819379750920
2260819379750912
9019566065672
9019566065664
2260819379750920
2260819379750912
9019566065672
9019566065664
2260832264126464
2260832264126464
9032450441216
9032450441216
2260827969159168
2260827969159168
9028155473920
9028155473920
2260819379224576
2260819379224576
9019565539328
9019565539328
2260819379224576
2260819379224576
9019565539328
9019565539328
2260694825699336
2260694825699328
8895012014088
8895012014080
2260690530732040
2260690530732032
8890717046792
8890717046784
2260681940797448
2260681940797440
8882127112200
8882127112192
2260681940797448
2260681940797440
8882127112200
8882127112192
2260694825172992
2260694825172992
8895011487744
8895011487744
2260690530205696
2260690530205696
8890716520448
8890716520448
2260681940271104
2260681940271104
8882126585856
8882126585856
2260681940271104
2260681940271104
8882126585856
8882126585856
2261107142559752
2261107142559744
9307328874504
9307328874496
2261102847592456
2261102847592448
9303033907208
9303033907200
2261094257657864
2261094257657856
9294443972616
9294443972608
2261094257657864
2261094257657856
9294443972616
9294443972608
2261107142033408
2261107142033408
9307328348160
9307328348160
2261102847066112
2261102847066112
9303033380864
9303033380864
2261094257131520
2261094257131520
9294443446272
9294443446272
2261094257131520
2261094257131520
9294443446272
9294443446272
2260694825699336
2260694825699328
8895012014088
8895012014080
2260690530732040
2260690530732032
8890717046792
8890717046784
2260681940797448
2260681940797440
8882127112200
8882127112192
2260681940797448
2260681940797440
8882127112200
8882127112192
2260694825172992
2260694825172992
8895011487744
8895011487744
2260690530205696
2260690530205696
8890716520448
8890716520448
2260681940271104
2260681940271104
8882126585856
8882126585856
2260681940271104
2260681940271104
8882126585856
8882126585856
2260832264652808
2260832264652800
9032450967560
9032450967552
2260827969685512
2260827969685504
9028156000264
9028156000256
2260819379750920
2260819379750912
9019566065672
9019566065664
2260819379750920
2260819379750912
9019566065672
9019566065664
2260832264126464
2260832264126464
9032450441216
9032450441216
2260827969159168
2260827969159168
9028155473920
9028155473920
2260819379224576
2260819379224576
9019565539328
9019565539328
2260819379224576
2260819379224576
9019565539328
9019565539328
2260694825699336
2260694825699328
8895012014088
8895012014080
2260690530732040
2260690530732032
8890717046792
8890717046784
2260681940797448
2260681940797440
8882127112200
8882127112192
2260681940797448
2260681940797440
8882127112200
8882127112192
2260694825172992
2260694825172992
8895011487744
8895011487744
2260690530205696
2260690530205696
8890716520448
8890716520448
2260681940271104
2260681940271104
8882126585856
8882126585856
2260681940271104
2260681940271104
8882126585856
8882126585856
2261656898371584
2261656898371584
9857084686336
9857084686336
2261652603404288
2261652603404288
9852789719040
9852789719040
2261644013469696
2261644013469696
9844199784448
9844199784448
2261644013469696
2261644013469696
9844199784448
9844199784448
2261656897847296
2261656897847296
9857084162048
9857084162048
2261652602880000
2261652602880000
9852789194752
9852789194752
2261644012945408
2261644012945408
9844199260160
9844199260160
2261644012945408
2261644012945408
9844199260160
9844199260160
2260694825697280
2260694825697280
8895012012032
8895012012032
2260690530729984
2260690530729984
8890717044736
8890717044736
2260681940795392
2260681940795392
8882127110144
8882127110144
2260681940795392
2260681940795392
8882127110144
8882127110144
2260694825172992
2260694825172992
8895011487744
8895011487744
2260690530205696
2260690530205696
8890716520448
8890716520448
2260681940271104
2260681940271104
8882126585856
8882126585856
2260681940271104
2260681940271104
8882126585856
8882126585856
2260832264650752
2260832264650752
9032450965504
9032450965504
2260827969683456
2260827969683456
9028155998208
9028155998208
2260819379748864
2260819379748864
9019566063616
9019566063616
2260819379748864
2260819379748864
9019566063616
9019566063616
2260832264126464
2260832264126464
9032450441216
9032450441216
2260827969159168
2260827969159168
9028155473920
9028155473920
2260819379224576
2260819379224576
9019565539328
9019565539328
2260819379224576
2260819379224576
9019565539328
9019565539328
2260694825697280
2260694825697280
8895012012032
8895012012032
2260690530729984
2260690530729984
8890717044736
8890717044736
2260681940795392
2260681940795392
8882127110144
8882127110144
2260681940795392
2260681940795392
8882127110144
8882127110144
2260694825172992
2260694825172992
8895011487744
8895011487744
2260690530205696
2260690530205696
8890716520448
8890716520448
2260681940271104
2260681940271104
8882126585856
8882126585856
2260681940271104
2260681940271104
8882126585856
8882126585856
2261107142557696
2261107142557696
9307328872448
9307328872448
2261102847590400
2261102847590400
9303033905152
9303033905152
2261094257655808
2261094257655808
9294443970560
9294443970560
2261094257655808
2261094257655808
9294443970560
9294443970560
2261107142033408
2261107142033408
9307328348160
9307328348160
2261102847066112
2261102847066112
9303033380864
9303033380864
2261094257131520
2261094257131520
9294443446272
9294443446272
2261094257131520
2261094257131520
9294443446272
9294443446272
2260694825697280
2260694825697280
8895012012032
8895012012032
2260690530729984
2260690530729984
8890717044736
8890717044736
2260681940795392
2260681940795392
8882127110144
8882127110144
2260681940795392
2260681940795392
8882127110144
8882127110144
2260694825172992
2260694825172992
8895011487744
8895011487744
2260690530205696
2260690530205696
8890716520448
8890716520448
2260681940271104
2260681940271104
8882126585856
8882126585856
2260681940271104
2260681940271104
8882126585856
8882126585856
2260832264650752
2260832264650752
9032450965504
9032450965504
2260827969683456
2260827969683456
9028155998208
9028155998208
2260819379748864
2260819379748864
9019566063616
9019566063616
2260819379748864
2260819379748864
9019566063616
9019566063616
2260832264126464
2260832264126464
9032450441216
9032450441216
2260827969159168
2260827969159168
9028155473920
9028155473920
2260819379224576
2260819379224576
9019565539328
9019565539328
2260819379224576
2260819379224576
9019565539328
9019565539328
2260694825697280
2260694825697280
8895012012032
8895012012032
2260690530729984
2260690530729984
8890717044736
8890717044736
2260681940795392
2260681940795392
8882127110144
8882127110144
2260681940795392
2260681940795392
8882127110144
8882127110144
2260694825172992
2260694825172992
8895011487744
8895011487744
2260690530205696
2260690530205696
8890716520448
8890716520448
2260681940271104
2260681940271104
8882126585856
8882126585856
2260681940271104
2260681940271104
8882126585856
8882126585856
0
0
0
0
0
0
0
0
0
0
0
0
0
0
0
0
0
0
0
0
0
0
0
0
0
0
0
0
0
0
0
0
0
0
0
0
0
0
0
0
0
0
0
0
0
0
0
0
0
0
0
0
0
0
0
0
0
0
0
0
0
0
0
0
0
0
0
0
0
0
0
0
0
0
0
0
0
0
0
0
0
0
0
0
0
0
0
0
0
0
0
0
0
0
0
0
0
0
0
0
0
0
0
0
0
0
0
0
0
0
0
0
0
0
0
0
0
0
0
0
0
0
0
0
0
0
0
0
0
0
0
0
0
0
0
0
0
0
0
0
0
0
0
0
0
0
0
0
0
0
0
0
0
0
0
0
0
0
0
0
0
0
0
0
0
0
0
0
0
0
0
0
0
0
0
0
0
0
0
0
0
0
0
0
0
0
0
0
0
0
0
0
0
0
0
0
0
0
0
0
0
0
0
0
0
0
0
0
0
0
0
0
0
0
0
0
0
0
0
0
0
0
0
0
0
0
0
0
0
0
0
0
0
0
0
0
0
0
0
0
0
0
0
0
0
0
0
0
0
0
0
0
0
0
0
0
0
0
0
0
0
0
0
0
0
0
0
0
0
0
0
0
0
0
0
0
0
0
0
0
0
0
0
0
0
0
0
0
0
0
0
0
0
0
0
0
0
0
0
0
0
0
0
0
0
0
0
0
0
0
0
0
0
0
0
0
0
0
0
0
0
0
0
0
0
0
0
0
0
0
0
0
0
0
0
0
0
0
0
0
0
0
0
0
0
0
0
0
0
0
0
0
0
0
0
0
0
0
0
0
0
0
0
0
0
0
0
0
0
0
0
0
0
0
0
0
0
0
0
0
0
0
0
0
0
0
0
0
0
0
0
0
0
0
0
0
0
0
0
0
0
0
0
0
0
0
0
0
0
0
0
0
0
0
0
0
0
0
0
0
0
0
0
0
0
0
0
0
0
0
0
0
0
0
0
0
0
0
0
0
0
0
0
0
0
0
0
0
0
0
0
0
0
0
0
0
0
0
0
0
0
0
0
0
0
0
0
0
0
0
0
0
0
0
0
0
0
0
0
0
0
0
0
0
0
0
0
0
0
0
0
0
0
0
0
0
0
0
0
0
0
0
0
0
0
0
0
0
0
0
0
0
0
0
0
0
0
0
0
0
0
0
0
0
0
0
0
0
0
0
0
0
0
0
0
0
0
0
0
0
0
0
0
0
0
0
0
0
0
0
0
0
0
0
0
0
0
0
0
0
0
0
0
0
0
0
0
0
0
0
0
0
0
0
0
0
0
0
0
0
0
0
0
0
0
0
0
0
0
0
0
0
0
0
0
0
0
0
0
0
0
0
0
0
0
0
0
0
0
0
0
0
0
0
0
0
0
0
0
0
0
0
0
0
0
0
0
0
0
0
0
0
0
0
0
0
0
0
0
0
0
0
0
0
0
0
0
0
0
0
0
0
0
0
0
0
0
0
0
0
0
0
0
0
0
0
0
0
0
0
0
0
0
0
0
0
0
0
0
0
0
0
0
0
0
0
0
0
0
0
0
0
0
0
0
0
0
0
0
0
0
0
0
0
0
0
0
0
0
0
0
0
0
0
0
0
0
0
0
0
0
0
0
0
0
0
0
0
0
0
0
0
0
0
0
0
0
0
0
0
0
0
0
0
0
0
0
0
0
0
0
0
0
0
0
0
0
0
0
0
0
0
0
0
0
0
0
0
0
0
0
0
0
0
0
0
0
0
0
0
0
0
0
0
0
0
0
0
0
0
0
0
0
0
0
0
0
0
0
0
0
0
0
0
0
0
0
0
0
0
0
0
0
0
0
0
0
0
0
0
0
0
0
0
0
0
0
0
0
0
0
0
0
0
0
0
0
0
0
0
0
0
0
0
0
0
0
0
0
0
0
0
0
0
0
0
0
0
0
0
0
0
0
0
0
0
0
0
0
0
0
0
0
0
0
0
0
0
0
0
0
0
0
0
0
0
0
0
0
0
0
0
0
0
0
0
0
0
0
0
0
0
0
0
0
0
0
0
0
0
0
0
0
0
0
0
0
0
0
0
0
0
0
0
0
0
0
0
0
0
0
0
0
0
0
0
0
0
0
0
0
0
0
0
0
0
0
0
0
0
0
0
0
0
0
0
0
0
0
0
0
0
0
0
0
0
0
0
0
0
0
0
0
0
0
0
0
0
0
0
0
0
0
0
0
0
0
0
0
0
0
0
0
0
0
0
0
0
0
0
0
0
0
0
0
0
0
0
0
0
0
0
0
0
0
0
0
0
0
0
0
0
0
0
0
0
0
0
0
0
0
0
0
0
0
0
0
0
0
0
0
0
0
0
0
0
0
0
0
0
0
0
0
0
0
0
0
0
0
0
0
0
0
0
0
0
0
0
0
0
0
0
0
0
0
0
0
0
0
0
0
0
0
0
0
0
0
0
0
0
0
0
0
0
0
0
0
0
0
0
0
0
0
0
0
0
0
0
0
0
0
0
0
0
0
0
0
0
0
0
0
0
0
0
0
0
0
0
0
0
0
0
0
0
0
0
0
0
0
0
0
0
0
0
0
0
0
0
0
0
0
0
0
0
0
0
0
0
0
0
0
0
0
0
0
0
0
0
0
0
0
0
0
0
0
0
0
0
0
0
0
0
0
0
0
0
0
0
0
0
0
0
0
0
0
0
0
0
0
0
0
0
0
0
0
0
0
0
0
0
0
0
0
0
0
0
0
0
0
0
0
0
0
0
0
0
0
0
0
0
0
0
0
0
0
0
0
0
0
0
0
0
0
0
0
0
0
0
0
0
0
0
0
0
0
0
0
0
0
0
0
0
0
0
0
0
0
0
0
0
0
0
0
0
0
0
0
0
0
0
0
0
0
0
0
0
0
0
0
0
0
0
0
0
0
0
0
0
0
0
0
0
0
0
0
0
0
0
0
0
0
0
0
0
0
0
0
0
0
0
0
0
0
0
0
0
0
0
0
0
0
0
0
0
0
0
0
0
0
0
0
0
0
0
0
0
0
0
0
0
0
0
0
0
0
0
0
0
0
0
0
0
0
0
0
0
0
0
0
0
0
0
0
0
0
0
0
0
0
0
0
0
0
0
0
0
0
0
0
0
0
0
0
0
0
0
0
0
0
0
0
0
0
0
0
0
0
0
0
0
0
0
0
0
0
0
0
0
0
0
0
0
0
0
0
0
0
0
0
0
0
0
0
0
0
0
0
0
0
0
0
0
0
0
0
0
0
0
0
0
0
0
0
0
0
0
0
0
0
0
0
0
0
0
0
0
0
0
0
0
0
0
0
0
0
0
0
0
0
0
0
0
0
0
0
0
0
0
0
0
0
0
0
0
0
0
0
0
0
0
0
0
0
0
0
0
0
0
0
0
0
0
0
0
0
0
0
0
0
0
0
0
0
0
0
0
0
0
0
0
0
0
0
0
0
0
0
0
0
0
0
0
0
0
0
0
0
0
0
0
0
0
0
0
0
0
0
0
0
0
0
0
0
0
0
0
0
0
0
0
0
0
0
0
0
0
0
0
0
0
0
0
0
0
0
0
0
0
0
0
0
0
0
0
0
0
0
0
0
0
0
0
0
0
0
0
0
0
0
0
0
0
0
0
0
0
0
0
0
0
0
0
0
0
0
0
0
0
0
0
0
0
0
0
0
0
0
0
0
0
0
0
0
0
0
0
0
0
0
0
0
0
0
0
0
0
0
0
0
0
0
0
0
0
0
0
0
0
0
0
0
0
0
0
0
0
0
0
0
0
0
0
0
0
0
0
0
0
0
0
0
0
0
0
0
0
0
0
0
0
0
0
0
0
0
0
0
0
0
0
0
0
0
0
0
0
0
0
0
0
0
0
0
0
0
0
0
0
0
0
0
0
0
0
0
0
0
0
0
0
0
0
0
0
0
0
0
0
0
0
0
0
0
0
0
0
0
0
0
0
0
0
0
0
0
0
0
0
0
0
0
0
0
0
0
0
0
0
0
0
0
0
0
0
0
0
0
0
0
0
0
0
0
0
0
0
0
0
0
0
0
0
0
0
0
0
0
0
0
0
0
0
0
0
0
0
0
0
0
0
0
0
0
0
0
0
0
0
0
0
0
0
0
0
0
0
0
0
0
0
0
0
0
0
0
0
0
0
0
0
0
0
0
0
0
0
0
0
0
0
0
0
0
0
0
0
0
0
0
0
0
0
0
0
0
0
0
0
0
0
0
0
0
0
0
0
0
0
0
0
0
0
0
0
0
0
0
0
0
0
0
0
0
0
0
0
0
0
0
0
0
0
0
0
0
0
0
0
0
0
0
0
0
0
0
0
0
0
0
0
0
0
0
0
0
0
0
0
0
0
0
0
0
0
0
0
0
0
0
0
0
0
0
0
0
0
0
0
0
0
0
0
0
0
0
0
0
0
0
0
0
0
0
0
0
0
0
0
0
0
0
0
0
0
0
0
0
0
0
0
0
0
0
0
0
0
0
0
0
0
0
0
0
0
0
0
0
0
0
0
0
0
0
0
0
0
0
0
0
0
0
0
0
0
0
0
0
0
0
0
0
0
0
0
0
0
0
0
0
0
0
0
0
0
0
0
0
0
0
0
0
0
0
0
0
0
0
0
0
0
0
0
0
0
0
0
0
0
0
0
0
0
0
0
0
0
0
0
0
0
0
0
0
0
0
0
0
0
0
0
0
0
0
0
0
0
0
0
0
0
0
0
0
0
0
0
0
0
0
0
0
0
0
0
0
0
0
0
0
0
0
0
0
0
0
0
0
0
0
0
0
0
0
0
0
0
0
0
0
0
0
0
0
0
0
0
0
0
0
0
0
0
0
0
0
0
0
0
0
0
0
0
0
0
0
0
0
0
0
0
0
0
0
0
0
0
0
0
0
0
0
0
0
0
0
0
0
0
0
0
0
0
0
0
0
0
0
0
0
0
0
0
0
0
0
0
0
0
0
0
0
0
0
0
0
0
0
0
0
0
0
0
0
0
0
0
0
0
0
0
0
0
0
0
0
0
0
0
0
0
0
0
0
0
0
0
0
0
0
0
0
0
0
0
0
0
0
0
0
0
0
0
0
0
0
0
0
0
0
0
0
0
0
0
0
0
0
0
0
0
0
0
0
0
0
0
0
0
0
0
0
0
0
0
0
0
0
0
0
0
0
0
0
0
0
0
0
0
0
0
0
0
0
0
0
0
0
0
0
0
0
0
0
0
0
0
0
0
0
0
0
0
0
0
0
0
0
0
0
0
0
0
0
0
0
0
0
0
0
0
0
0
0
0
0
0
0
0
0
0
0
0
0
0
0
0
0
0
0
0
0
0
0
0
0
0
0
0
0
0
0
0
0
0
0
0
0
0
0
0
0
0
0
0
0
0
0
0
0
0
0
0
0
0
0
0
0
0
0
0
0
0
0
0
0
0
0
0
0
0
0
0
0
0
0
0
0
0
0
0
0
0
0
0
0
0
0
0
0
0
0
0
0
0
0
0
0
0
0
0
0
0
0
0
0
0
0
0
0
0
0
0
0
0
0
0
0
0
0
0
0
0
0
0
0
0
0
0
0
0
0
0
0
0
0
0
0
0
0
0
0
0
0
0
0
0
0
0
0
0
0
0
0
0
0
0
0
0
0
0
0
0
0
0
0
0
0
0
0
0
0
0
0
0
0
0
0
0
0
0
0
0
0
0
0
0
0
0
0
0
0
0
0
0
0
0
0
0
0
0
0
0
0
0
0
0
0
0
0
0
0
0
0
0
0
0
0
0
0
0
0
0
0
0
0
0
0
0
0
0
0
0
0
0
0
0
0
0
0
0
0
0
0
0
0
0
0
0
0
0
0
0
0
0
0
0
0
0
0
0
0
0
0
0
0
0
0
0
0
0
0
0
0
0
0
0
0
0
0
0
0
0
0
0
0
0
0
0
0
0
0
0
0
0
0
0
0
0
0
0
0
0
0
0
0
0
0
0
0
0
0
0
0
0
0
0
0
0
0
0
0
0
0
0
0
0
0
0
0
0
0
0
0
0
0
0
0
0
0
0
0
0
0
0
0
0
0
0
0
0
0
0
0
0
0
0
0
0
0
0
0
0
0
0
0
0
0
0
0
0
0
0
0
0
0
0
0
0
0
0
0
0
0
0
0
0
0
0
0
0
0
0
0
0
0
0
0
0
0
0
0
0
0
0
0
0
0
0
0
0
0
0
0
0
0
0
0
0
0
0
0
0
0
0
0
0
0
0
0
0
0
0
0
0
0
0
0
0
0
0
0
0
0
0
0
0
0
0
0
0
0
0
0
0
0
0
0
0
0
0
0
0
0
0
0
0
0
0
0
0
0
0
0
0
0
0
0
0
0
0
0
0
0
0
0
0
0
0
0
0
0
0
0
0
0
0
0
0
0
0
0
0
0
0
0
0
0
0
0
0
0
0
0
0
0
0
0
0
0
0
0
0
0
0
0
0
0
0
0
0
0
0
0
0
0
0
0
0
0
0
0
0
0
0
0
0
0
0
0
0
0
0
0
0
0
0
0
0
0
0
0
0
0
0
0
0
0
0
0
0
0
0
0
0
0
0
0
0
0
0
0
0
0
0
0
0
0
0
0
0
0
0
0
0
0
0
0
0
0
0
0
0
0
0
0
0
0
0
0
0
0
0
0
0
0
0
0
0
0
0
0
0
0
0
0
0
0
0
0
0
0
0
0
0
0
0
0
0
0
0
0
0
0
0
0
0
0
0
0
0
0
0
0
0
0
0
0
0
0
0
0
0
0
0
0
0
0
0
0
0
0
0
0
0
0
0
0
0
0
0
0
0
0
0
0
0
0
0
0
0
0
0
0
0
0
0
0
0
0
0
0
0
0
0
0
0
0
0
0
0
0
0
0
0
0
0
0
0
0
0
0
0
