2314886351157207072
2314886351157207040
36142688772128
36142688772096
2314886346862239776
2314886346862239744
36138393804832
36138393804800
2314886338272305184
2314886338272305152
36129803870240
36129803870208
2314886338272305184
2314886338272305152
36129803870240
36129803870208
2314886321092436000
2314886321092435968
36112624001056
36112624001024
2314886321092436000
2314886321092435968
36112624001056
36112624001024
2314886321092436000
2314886321092435968
36112624001056
36112624001024
2314886321092436000
2314886321092435968
36112624001056
36112624001024
2314886286732697632
2314886286732697600
36078264262688
36078264262656
2314886286732697632
2314886286732697600
36078264262688
36078264262656
2314886286732697632
2314886286732697600
36078264262688
36078264262656
2314886286732697632
2314886286732697600
36078264262688
36078264262656
2314886286732697632
2314886286732697600
36078264262688
36078264262656
2314886286732697632
2314886286732697600
36078264262688
36078264262656
2314886286732697632
2314886286732697600
36078264262688
36078264262656
2314886286732697632
2314886286732697600
36078264262688
36078264262656
2314886351155101696
2314886351155101696
36142686666752
36142686666752
2314886346860134400
2314886346860134400
36138391699456
36138391699456
2314886338270199808
2314886338270199808
36129801764864
36129801764864
2314886338270199808
2314886338270199808
36129801764864
36129801764864
2314886321090330624
2314886321090330624
36112621895680
36112621895680
2314886321090330624
2314886321090330624
36112621895680
36112621895680
2314886321090330624
2314886321090330624
36112621895680
36112621895680
2314886321090330624
2314886321090330624
36112621895680
36112621895680
2314886286730592256
2314886286730592256
36078262157312
36078262157312
2314886286730592256
2314886286730592256
36078262157312
36078262157312
2314886286730592256
2314886286730592256
36078262157312
36078262157312
2314886286730592256
2314886286730592256
36078262157312
36078262157312
2314886286730592256
2314886286730592256
36078262157312
36078262157312
2314886286730592256
2314886286730592256
36078262157312
36078262157312
2314886286730592256
2314886286730592256
36078262157312
36078262157312
2314886286730592256
2314886286730592256
36078262157312
36078262157312
2314885801401393184
2314885801401393152
35592932958240
35592932958208
2314885797106425888
2314885797106425856
35588637990944
35588637990912
2314885788516491296
2314885788516491264
35580048056352
35580048056320
2314885788516491296
2314885788516491264
35580048056352
35580048056320
2314885771336622112
2314885771336622080
35562868187168
35562868187136
2314885771336622112
2314885771336622080
35562868187168
35562868187136
2314885771336622112
2314885771336622080
35562868187168
35562868187136
2314885771336622112
2314885771336622080
35562868187168
35562868187136
2314885736976883744
2314885736976883712
35528508448800
35528508448768
2314885736976883744
2314885736976883712
35528508448800
35528508448768
2314885736976883744
2314885736976883712
35528508448800
35528508448768
2314885736976883744
2314885736976883712
35528508448800
35528508448768
2314885736976883744
2314885736976883712
35528508448800
35528508448768
2314885736976883744
2314885736976883712
35528508448800
35528508448768
2314885736976883744
2314885736976883712
35528508448800
35528508448768
2314885736976883744
2314885736976883712
35528508448800
35528508448768
2314885801399287808
2314885801399287808
35592930852864
35592930852864
2314885797104320512
2314885797104320512
35588635885568
35588635885568
2314885788514385920
2314885788514385920
35580045950976
35580045950976
2314885788514385920
2314885788514385920
35580045950976
35580045950976
2314885771334516736
2314885771334516736
35562866081792
35562866081792
2314885771334516736
2314885771334516736
35562866081792
35562866081792
2314885771334516736
2314885771334516736
35562866081792
35562866081792
2314885771334516736
2314885771334516736
35562866081792
35562866081792
2314885736974778368
2314885736974778368
35528506343424
35528506343424
2314885736974778368
2314885736974778368
35528506343424
35528506343424
2314885736974778368
2314885736974778368
35528506343424
35528506343424
2314885736974778368
2314885736974778368
35528506343424
35528506343424
2314885736974778368
2314885736974778368
35528506343424
35528506343424
2314885736974778368
2314885736974778368
35528506343424
35528506343424
2314885736974778368
2314885736974778368
35528506343424
35528506343424
2314885736974778368
2314885736974778368
35528506343424
35528506343424
2314886351157198848
2314886351157198848
36142688763904
36142688763904
2314886346862231552
2314886346862231552
36138393796608
36138393796608
2314886338272296960
2314886338272296960
36129803862016
36129803862016
2314886338272296960
2314886338272296960
36129803862016
36129803862016
2314886321092427776
2314886321092427776
36112623992832
36112623992832
2314886321092427776
2314886321092427776
36112623992832
36112623992832
2314886321092427776
2314886321092427776
36112623992832
36112623992832
2314886321092427776
2314886321092427776
36112623992832
36112623992832
2314886286732689408
2314886286732689408
36078264254464
36078264254464
2314886286732689408
2314886286732689408
36078264254464
36078264254464
2314886286732689408
2314886286732689408
36078264254464
36078264254464
2314886286732689408
2314886286732689408
36078264254464
36078264254464
2314886286732689408
2314886286732689408
36078264254464
36078264254464
2314886286732689408
2314886286732689408
36078264254464
36078264254464
2314886286732689408
2314886286732689408
36078264254464
36078264254464
2314886286732689408
2314886286732689408
36078264254464
36078264254464
2314886351155101696
2314886351155101696
36142686666752
36142686666752
2314886346860134400
2314886346860134400
36138391699456
36138391699456
2314886338270199808
2314886338270199808
36129801764864
36129801764864
2314886338270199808
2314886338270199808
36129801764864
36129801764864
2314886321090330624
2314886321090330624
36112621895680
36112621895680
2314886321090330624
2314886321090330624
36112621895680
36112621895680
2314886321090330624
2314886321090330624
36112621895680
36112621895680
2314886321090330624
2314886321090330624
36112621895680
36112621895680
2314886286730592256
2314886286730592256
36078262157312
36078262157312
2314886286730592256
2314886286730592256
36078262157312
36078262157312
2314886286730592256
2314886286730592256
36078262157312
36078262157312
2314886286730592256
2314886286730592256
36078262157312
36078262157312
2314886286730592256
2314886286730592256
36078262157312
36078262157312
2314886286730592256
2314886286730592256
36078262157312
36078262157312
2314886286730592256
2314886286730592256
36078262157312
36078262157312
2314886286730592256
2314886286730592256
36078262157312
36078262157312
2314885801401384960
2314885801401384960
35592932950016
35592932950016
2314885797106417664
2314885797106417664
35588637982720
35588637982720
2314885788516483072
2314885788516483072
35580048048128
35580048048128
2314885788516483072
2314885788516483072
35580048048128
35580048048128
2314885771336613888
2314885771336613888
35562868178944
35562868178944
2314885771336613888
2314885771336613888
35562868178944
35562868178944
2314885771336613888
2314885771336613888
35562868178944
35562868178944
2314885771336613888
2314885771336613888
35562868178944
35562868178944
2314885736976875520
2314885736976875520
35528508440576
35528508440576
2314885736976875520
2314885736976875520
35528508440576
35528508440576
2314885736976875520
2314885736976875520
35528508440576
35528508440576
2314885736976875520
2314885736976875520
35528508440576
35528508440576
2314885736976875520
2314885736976875520
35528508440576
35528508440576
2314885736976875520
2314885736976875520
35528508440576
35528508440576
2314885736976875520
2314885736976875520
35528508440576
35528508440576
2314885736976875520
2314885736976875520
35528508440576
35528508440576
2314885801399287808
2314885801399287808
35592930852864
35592930852864
2314885797104320512
2314885797104320512
35588635885568
35588635885568
2314885788514385920
2314885788514385920
35580045950976
35580045950976
2314885788514385920
2314885788514385920
35580045950976
35580045950976
2314885771334516736
2314885771334516736
35562866081792
35562866081792
2314885771334516736
2314885771334516736
35562866081792
35562866081792
2314885771334516736
2314885771334516736
35562866081792
35562866081792
2314885771334516736
2314885771334516736
35562866081792
35562866081792
2314885736974778368
2314885736974778368
35528506343424
35528506343424
2314885736974778368
2314885736974778368
35528506343424
35528506343424
2314885736974778368
2314885736974778368
35528506343424
35528506343424
2314885736974778368
2314885736974778368
35528506343424
35528506343424
2314885736974778368
2314885736974778368
35528506343424
35528506343424
2314885736974778368
2314885736974778368
35528506343424
35528506343424
2314885736974778368
2314885736974778368
35528506343424
35528506343424
2314885736974778368
2314885736974778368
35528506343424
35528506343424
9043341943513120
9043341943513088
36142688772128
36142688772096
9043337648545824
9043337648545792
36138393804832
36138393804800
9043329058611232
9043329058611200
36129803870240
36129803870208
9043329058611232
9043329058611200
36129803870240
36129803870208
9043311878742048
9043311878742016
36112624001056
36112624001024
9043311878742048
9043311878742016
36112624001056
36112624001024
9043311878742048
9043311878742016
36112624001056
36112624001024
9043311878742048
9043311878742016
36112624001056
36112624001024
9043277519003680
9043277519003648
36078264262688
36078264262656
9043277519003680
9043277519003648
36078264262688
36078264262656
9043277519003680
9043277519003648
36078264262688
36078264262656
9043277519003680
9043277519003648
36078264262688
36078264262656
9043277519003680
9043277519003648
36078264262688
36078264262656
9043277519003680
9043277519003648
36078264262688
36078264262656
9043277519003680
9043277519003648
36078264262688
36078264262656
9043277519003680
9043277519003648
36078264262688
36078264262656
9043341941407744
9043341941407744
36142686666752
36142686666752
9043337646440448
9043337646440448
36138391699456
36138391699456
9043329056505856
9043329056505856
36129801764864
36129801764864
9043329056505856
9043329056505856
36129801764864
36129801764864
9043311876636672
9043311876636672
36112621895680
36112621895680
9043311876636672
9043311876636672
36112621895680
36112621895680
9043311876636672
9043311876636672
36112621895680
36112621895680
9043311876636672
9043311876636672
36112621895680
36112621895680
9043277516898304
9043277516898304
36078262157312
36078262157312
9043277516898304
9043277516898304
36078262157312
36078262157312
9043277516898304
9043277516898304
36078262157312
36078262157312
9043277516898304
9043277516898304
36078262157312
36078262157312
9043277516898304
9043277516898304
36078262157312
36078262157312
9043277516898304
9043277516898304
36078262157312
36078262157312
9043277516898304
9043277516898304
36078262157312
36078262157312
9043277516898304
9043277516898304
36078262157312
36078262157312
9042792187699232
9042792187699200
35592932958240
35592932958208
9042787892731936
9042787892731904
35588637990944
35588637990912
9042779302797344
9042779302797312
35580048056352
35580048056320
9042779302797344
9042779302797312
35580048056352
35580048056320
9042762122928160
9042762122928128
35562868187168
35562868187136
9042762122928160
9042762122928128
35562868187168
35562868187136
9042762122928160
9042762122928128
35562868187168
35562868187136
9042762122928160
9042762122928128
35562868187168
35562868187136
9042727763189792
9042727763189760
35528508448800
35528508448768
9042727763189792
9042727763189760
35528508448800
35528508448768
9042727763189792
9042727763189760
35528508448800
35528508448768
9042727763189792
9042727763189760
35528508448800
35528508448768
9042727763189792
9042727763189760
35528508448800
35528508448768
9042727763189792
9042727763189760
35528508448800
35528508448768
9042727763189792
9042727763189760
35528508448800
35528508448768
9042727763189792
9042727763189760
35528508448800
35528508448768
9042792185593856
9042792185593856
35592930852864
35592930852864
9042787890626560
9042787890626560
35588635885568
35588635885568
9042779300691968
9042779300691968
35580045950976
35580045950976
9042779300691968
9042779300691968
35580045950976
35580045950976
9042762120822784
9042762120822784
35562866081792
35562866081792
9042762120822784
9042762120822784
35562866081792
35562866081792
9042762120822784
9042762120822784
35562866081792
35562866081792
9042762120822784
9042762120822784
35562866081792
35562866081792
9042727761084416
9042727761084416
35528506343424
35528506343424
9042727761084416
9042727761084416
35528506343424
35528506343424
9042727761084416
9042727761084416
35528506343424
35528506343424
9042727761084416
9042727761084416
35528506343424
35528506343424
9042727761084416
9042727761084416
35528506343424
35528506343424
9042727761084416
9042727761084416
35528506343424
35528506343424
9042727761084416
9042727761084416
35528506343424
35528506343424
9042727761084416
9042727761084416
35528506343424
35528506343424
9043341943504896
9043341943504896
36142688763904
36142688763904
9043337648537600
9043337648537600
36138393796608
36138393796608
9043329058603008
9043329058603008
36129803862016
36129803862016
9043329058603008
9043329058603008
36129803862016
36129803862016
9043311878733824
9043311878733824
36112623992832
36112623992832
9043311878733824
9043311878733824
36112623992832
36112623992832
9043311878733824
9043311878733824
36112623992832
36112623992832
9043311878733824
9043311878733824
36112623992832
36112623992832
9043277518995456
9043277518995456
36078264254464
36078264254464
9043277518995456
9043277518995456
36078264254464
36078264254464
9043277518995456
9043277518995456
36078264254464
36078264254464
9043277518995456
9043277518995456
36078264254464
36078264254464
9043277518995456
9043277518995456
36078264254464
36078264254464
9043277518995456
9043277518995456
36078264254464
36078264254464
9043277518995456
9043277518995456
36078264254464
36078264254464
9043277518995456
9043277518995456
36078264254464
36078264254464
9043341941407744
9043341941407744
36142686666752
36142686666752
9043337646440448
9043337646440448
36138391699456
36138391699456
9043329056505856
9043329056505856
36129801764864
36129801764864
9043329056505856
9043329056505856
36129801764864
36129801764864
9043311876636672
9043311876636672
36112621895680
36112621895680
9043311876636672
9043311876636672
36112621895680
36112621895680
9043311876636672
9043311876636672
36112621895680
36112621895680
9043311876636672
9043311876636672
36112621895680
36112621895680
9043277516898304
9043277516898304
36078262157312
36078262157312
9043277516898304
9043277516898304
36078262157312
36078262157312
9043277516898304
9043277516898304
36078262157312
36078262157312
9043277516898304
9043277516898304
36078262157312
36078262157312
9043277516898304
9043277516898304
36078262157312
36078262157312
9043277516898304
9043277516898304
36078262157312
36078262157312
9043277516898304
9043277516898304
36078262157312
36078262157312
9043277516898304
9043277516898304
36078262157312
36078262157312
9042792187691008
9042792187691008
35592932950016
35592932950016
9042787892723712
9042787892723712
35588637982720
35588637982720
9042779302789120
9042779302789120
35580048048128
35580048048128
9042779302789120
9042779302789120
35580048048128
35580048048128
9042762122919936
9042762122919936
35562868178944
35562868178944
9042762122919936
9042762122919936
35562868178944
35562868178944
9042762122919936
9042762122919936
35562868178944
35562868178944
9042762122919936
9042762122919936
35562868178944
35562868178944
9042727763181568
9042727763181568
35528508440576
35528508440576
9042727763181568
9042727763181568
35528508440576
35528508440576
9042727763181568
9042727763181568
35528508440576
35528508440576
9042727763181568
9042727763181568
35528508440576
35528508440576
9042727763181568
9042727763181568
35528508440576
35528508440576
9042727763181568
9042727763181568
35528508440576
35528508440576
9042727763181568
9042727763181568
35528508440576
35528508440576
9042727763181568
9042727763181568
35528508440576
35528508440576
9042792185593856
9042792185593856
35592930852864
35592930852864
9042787890626560
9042787890626560
35588635885568
35588635885568
9042779300691968
9042779300691968
35580045950976
35580045950976
9042779300691968
9042779300691968
35580045950976
35580045950976
9042762120822784
9042762120822784
35562866081792
35562866081792
9042762120822784
9042762120822784
35562866081792
35562866081792
9042762120822784
9042762120822784
35562866081792
35562866081792
9042762120822784
9042762120822784
35562866081792
35562866081792
9042727761084416
9042727761084416
35528506343424
35528506343424
9042727761084416
9042727761084416
35528506343424
35528506343424
9042727761084416
9042727761084416
35528506343424
35528506343424
9042727761084416
9042727761084416
35528506343424
35528506343424
9042727761084416
9042727761084416
35528506343424
35528506343424
9042727761084416
9042727761084416
35528506343424
35528506343424
9042727761084416
9042727761084416
35528506343424
35528506343424
9042727761084416
9042727761084416
35528506343424
35528506343424
0
0
0
0
0
0
0
0
0
0
0
0
0
0
0
0
0
0
0
0
0
0
0
0
0
0
0
0
0
0
0
0
0
0
0
0
0
0
0
0
0
0
0
0
0
0
0
0
0
0
0
0
0
0
0
0
0
0
0
0
0
0
0
0
0
0
0
0
0
0
0
0
0
0
0
0
0
0
0
0
0
0
0
0
0
0
0
0
0
0
0
0
0
0
0
0
0
0
0
0
0
0
0
0
0
0
0
0
0
0
0
0
0
0
0
0
0
0
0
0
0
0
0
0
0
0
0
0
0
0
0
0
0
0
0
0
0
0
0
0
0
0
0
0
0
0
0
0
0
0
0
0
0
0
0
0
0
0
0
0
0
0
0
0
0
0
0
0
0
0
0
0
0
0
0
0
0
0
0
0
0
0
0
0
0
0
0
0
0
0
0
0
0
0
0
0
0
0
0
0
0
0
0
0
0
0
0
0
0
0
0
0
0
0
0
0
0
0
0
0
0
0
0
0
0
0
0
0
0
0
0
0
0
0
0
0
0
0
0
0
0
0
0
0
0
0
0
0
0
0
0
0
0
0
0
0
0
0
0
0
0
0
0
0
0
0
0
0
0
0
0
0
0
0
0
0
0
0
0
0
0
0
0
0
0
0
0
0
0
0
0
0
0
0
0
0
0
0
0
0
0
0
0
0
0
0
0
0
0
0
0
0
0
0
0
0
0
0
0
0
0
0
0
0
0
0
0
0
0
0
0
0
0
0
0
0
0
0
0
0
0
0
0
0
0
0
0
0
0
0
0
0
0
0
0
0
0
0
0
0
0
0
0
0
0
0
0
0
0
0
0
0
0
0
0
0
0
0
0
0
0
0
0
0
0
0
0
0
0
0
0
0
0
0
0
0
0
0
0
0
0
0
0
0
0
0
0
0
0
0
0
0
0
0
0
0
0
0
0
0
0
0
0
0
0
0
0
0
0
0
0
0
0
0
0
0
0
0
0
0
0
0
0
0
0
0
0
0
0
0
0
0
0
0
0
0
0
0
0
0
0
0
0
0
0
0
0
0
0
0
0
0
0
0
0
0
0
0
0
0
0
0
0
0
0
0
0
0
0
0
0
0
0
0
0
0
0
0
0
0
0
0
0
0
0
0
0
0
0
0
0
0
0
0
0
0
0
0
0
0
0
0
0
0
0
0
0
0
0
0
0
0
0
0
0
0
0
0
0
0
0
0
0
0
0
0
0
0
0
0
0
0
0
0
0
0
0
0
0
0
0
0
0
0
0
0
0
0
0
0
0
0
0
0
0
0
0
0
0
0
0
0
0
0
0
0
0
0
0
0
0
0
0
0
0
0
0
0
0
0
0
0
0
0
0
0
0
0
0
0
0
0
0
0
0
0
0
0
0
0
0
0
0
0
0
0
0
0
0
0
0
0
0
0
0
0
0
0
0
0
0
0
0
0
0
0
0
0
0
0
0
0
0
0
0
0
0
0
0
0
0
0
0
0
0
0
0
0
0
0
0
0
0
0
0
0
0
0
0
0
0
0
0
0
0
0
0
0
0
0
0
0
0
0
0
0
0
0
0
0
0
0
0
0
0
0
0
0
0
0
0
0
0
0
0
0
0
0
0
0
0
0
0
0
0
0
0
0
0
0
0
0
0
0
0
0
0
0
0
0
0
0
0
0
0
0
0
0
0
0
0
0
0
0
0
0
0
0
0
0
0
0
0
0
0
0
0
0
0
0
0
0
0
0
0
0
0
0
0
0
0
0
0
0
0
0
0
0
0
0
0
0
0
0
0
0
0
0
0
0
0
0
0
0
0
0
0
0
0
0
0
0
0
0
0
0
0
0
0
0
0
0
0
0
0
0
0
0
0
0
0
0
0
0
0
0
0
0
0
0
0
0
0
0
0
0
0
0
0
0
0
0
0
0
0
0
0
0
0
0
0
0
0
0
0
0
0
0
0
0
0
0
0
0
0
0
0
0
0
0
0
0
0
0
0
0
0
0
0
0
0
0
0
0
0
0
0
0
0
0
0
0
0
0
0
0
0
0
0
0
0
0
0
0
0
0
0
0
0
0
0
0
0
0
0
0
0
0
0
0
0
0
0
0
0
0
0
0
0
0
0
0
0
0
0
0
0
0
0
0
0
0
0
0
0
0
0
0
0
0
0
0
0
0
0
0
0
0
0
0
0
0
0
0
0
0
0
0
0
0
0
0
0
0
0
0
0
0
0
0
0
0
0
0
0
0
0
0
0
0
0
0
0
0
0
0
0
0
0
0
0
0
0
0
0
0
0
0
0
0
0
0
0
0
0
0
0
0
0
0
0
0
0
0
0
0
0
0
0
0
0
0
0
0
0
0
0
0
0
0
0
0
0
0
0
0
0
0
0
0
0
0
0
0
0
0
0
0
0
0
0
0
0
0
0
0
0
0
0
0
0
0
0
0
0
0
0
0
0
0
0
0
0
0
0
0
0
0
0
0
0
0
0
0
0
0
0
0
0
0
0
0
0
0
0
0
0
0
0
0
0
0
0
0
0
0
0
0
0
0
0
0
0
0
0
0
0
0
0
0
0
0
0
0
0
0
0
0
0
0
0
0
0
0
0
0
0
0
0
0
0
0
0
0
0
0
0
0
0
0
0
0
0
0
0
0
0
0
0
0
0
0
0
0
0
0
0
0
0
0
0
0
0
0
0
0
0
0
0
0
0
0
0
0
0
0
0
0
0
0
0
0
0
0
0
0
0
0
0
0
0
0
0
0
0
0
0
0
0
0
0
0
0
0
0
0
0
0
0
0
0
0
0
0
0
0
0
0
0
0
0
0
0
0
0
0
0
0
0
0
0
0
0
0
0
0
0
0
0
0
0
0
0
0
0
0
0
0
0
0
0
0
0
0
0
0
0
0
0
0
0
0
0
0
0
0
0
0
0
0
0
0
0
0
0
0
0
0
0
0
0
0
0
0
0
0
0
0
0
0
0
0
0
0
0
0
0
0
0
0
0
0
0
0
0
0
0
0
0
0
0
0
0
0
0
0
0
0
0
0
0
0
0
0
0
0
0
0
0
0
0
0
0
0
0
0
0
0
0
0
0
0
0
0
0
0
0
0
0
0
0
0
0
0
0
0
0
0
0
0
0
0
0
0
0
0
0
0
0
0
0
0
0
0
0
0
0
0
0
0
0
0
0
0
0
0
0
0
0
0
0
0
0
0
0
0
0
0
0
0
0
0
0
0
0
0
0
0
0
0
0
0
0
0
0
0
0
0
0
0
0
0
0
0
0
0
0
0
0
0
0
0
0
0
0
0
0
0
0
0
0
0
0
0
0
0
0
0
0
0
0
0
0
0
0
0
0
0
0
0
0
0
0
0
0
0
0
0
0
0
0
0
0
0
0
0
0
0
0
0
0
0
0
0
0
0
0
0
0
0
0
0
0
0
0
0
0
0
0
0
0
0
0
0
0
0
0
0
0
0
0
0
0
0
0
0
0
0
0
0
0
0
0
0
0
0
0
0
0
0
0
0
0
0
0
0
0
0
0
0
0
0
0
0
0
0
0
0
0
0
0
0
0
0
0
0
0
0
0
0
0
0
0
0
0
0
0
0
0
0
0
0
0
0
0
0
0
0
0
0
0
0
0
0
0
0
0
0
0
0
0
0
0
0
0
0
0
0
0
0
0
0
0
0
0
0
0
0
0
0
0
0
0
0
0
0
0
0
0
0
0
0
0
0
0
0
0
0
0
0
0
0
0
0
0
0
0
0
0
0
0
0
0
0
0
0
0
0
0
0
0
0
0
0
0
0
0
0
0
0
0
0
0
0
0
0
0
0
0
0
0
0
0
0
0
0
0
0
0
0
0
0
0
0
0
0
0
0
0
0
0
0
0
0
0
0
0
0
0
0
0
0
0
0
0
0
0
0
0
0
0
0
0
0
0
0
0
0
0
0
0
0
0
0
0
0
0
0
0
0
0
0
0
0
0
0
0
0
0
0
0
0
0
0
0
0
0
0
0
0
0
0
0
0
0
0
0
0
0
0
0
0
0
0
0
0
0
0
0
0
0
0
0
0
0
0
0
0
0
0
0
0
0
0
0
0
0
0
0
0
0
0
0
0
0
0
0
0
0
0
0
0
0
0
0
0
0
0
0
0
0
0
0
0
0
0
0
0
0
0
0
0
0
0
0
0
0
0
0
0
0
0
0
0
0
0
0
0
0
0
0
0
0
0
0
0
0
0
0
0
0
0
0
0
0
0
0
0
0
0
0
0
0
0
0
0
0
0
0
0
0
0
0
0
0
0
0
0
0
0
0
0
0
0
0
0
0
0
0
0
0
0
0
0
0
0
0
0
0
0
0
0
0
0
0
0
0
0
0
0
0
0
0
0
0
0
0
0
0
0
0
0
0
0
0
0
0
0
0
0
0
0
0
0
0
0
0
0
0
0
0
0
0
0
0
0
0
0
0
0
0
0
0
0
0
0
0
0
0
0
0
0
0
0
0
0
0
0
0
0
0
0
0
0
0
0
0
0
0
0
0
0
0
0
0
0
0
0
0
0
0
0
0
0
0
0
0
0
0
0
0
0
0
0
0
0
0
0
0
0
0
0
0
0
0
0
0
0
0
0
0
0
0
0
0
0
0
0
0
0
0
0
0
0
0
0
0
0
0
0
0
0
0
0
0
0
0
0
0
0
0
0
0
0
0
0
0
0
0
0
0
0
0
0
0
0
0
0
0
0
0
0
0
0
0
0
0
0
0
0
0
0
0
0
0
0
0
0
0
0
0
0
0
0
0
0
0
0
0
0
0
0
0
0
0
0
0
0
0
0
0
0
0
0
0
0
0
0
0
0
0
0
0
0
0
0
0
0
0
0
0
0
0
0
0
0
0
0
0
0
0
0
0
0
0
0
0
0
0
0
0
0
0
0
0
0
0
0
0
0
0
0
0
0
0
0
0
0
0
0
0
0
0
0
0
0
0
0
0
0
0
0
0
0
0
0
0
0
0
0
0
0
0
0
0
0
0
0
0
0
0
0
0
0
0
0
0
0
0
0
0
0
0
0
0
0
0
0
0
0
0
0
0
0
0
0
0
0
0
0
0
0
0
0
0
0
0
0
0
0
0
0
0
0
0
0
0
0
0
0
0
0
0
0
0
0
0
0
0
0
0
0
0
0
0
0
0
0
0
0
0
0
0
0
0
0
0
0
0
0
0
0
0
0
0
0
0
0
0
0
0
0
0
0
0
0
0
0
0
0
0
0
0
0
0
0
0
0
0
0
0
0
0
0
0
0
0
0
0
0
0
0
0
0
0
0
0
0
0
0
0
0
0
0
0
0
0
0
0
0
0
0
0
0
0
0
0
0
0
0
0
0
0
0
0
0
0
0
0
0
0
0
0
0
0
0
0
0
0
0
0
0
0
0
0
0
0
0
0
0
0
0
0
0
0
0
0
0
0
0
0
0
0
0
0
0
0
0
0
0
0
0
0
0
0
0
0
0
0
0
0
0
0
0
0
0
0
0
0
0
0
0
0
0
0
0
0
0
0
0
0
0
0
0
0
0
0
0
0
0
0
0
0
0
0
0
0
0
0
0
0
0
0
0
0
0
0
0
0
0
0
0
0
0
0
0
0
0
0
0
0
0
0
0
0
0
0
0
0
0
0
0
0
0
0
0
0
0
0
0
0
0
0
0
0
0
0
0
0
0
0
0
0
0
0
0
0
0
0
0
0
0
0
0
0
0
0
0
0
0
0
0
0
0
0
0
0
0
0
0
0
0
0
0
0
0
0
0
0
0
0
0
0
0
0
0
0
0
0
0
0
0
0
0
0
0
0
0
0
0
0
0
0
0
0
0
0
0
0
0
0
0
0
0
0
0
0
0
0
0
0
0
0
0
0
0
0
0
0
0
0
0
0
0
0
0
0
0
0
0
0
0
0
0
0
0
0
0
0
0
0
0
0
0
0
0
0
0
0
0
0
0
0
0
0
0
0
0
0
0
0
0
0
0
0
0
0
0
0
0
0
0
0
0
0
0
0
0
0
0
0
0
0
0
0
0
0
0
0
0
0
0
0
0
0
0
0
0
0
0
0
0
0
0
0
0
0
0
0
0
0
0
0
0
0
0
0
0
0
0
0
0
0
0
0
0
0
0
0
0
0
0
0
0
0
0
0
0
0
0
0
0
0
0
0
0
0
0
0
0
0
0
0
0
0
0
0
0
0
0
0
0
0
0
0
0
0
0
0
0
0
0
0
0
0
0
0
0
0
0
0
0
0
0
0
0
0
0
0
0
0
0
0
0
0
0
0
0
0
0
0
0
0
0
0
0
0
0
0
0
0
0
0
0
0
0
0
0
0
0
0
0
0
0
0
0
0
0
0
0
0
0
0
0
0
0
0
0
0
0
0
0
0
0
0
0
0
0
0
0
0
0
0
0
0
0
0
0
0
0
0
0
0
0
0
0
0
0
0
0
0
0
0
0
0
0
0
0
0
0
0
0
0
0
0
0
0
0
0
0
0
0
0
0
0
0
0
0
0
0
0
0
0
0
0
0
0
0
0
0
0
0
0
0
0
0
0
0
0
0
0
0
0
0
0
0
0
0
0
0
0
0
0
0
0
0
0
0
0
0
0
0
0
0
0
0
0
0
0
0
0
0
0
0
0
0
0
0
0
0
0
0
0
0
0
0
0
0
0
0
0
0
0
0
0
0
0
0
0
0
0
0
0
0
0
0
0
0
0
0
0
0
0
0
0
0
0
0
0
0
0
0
0
0
0
0
0
0
0
0
0
0
0
0
0
0
0
0
0
0
0
0
0
0
0
0
0
0
0
0
0
0
0
0
0
0
0
0
0
0
0
0
0
0
0
0
0
0
0
0
0
0
0
0
0
0
0
0
0
0
0
0
0
0
0
0
0
0
0
0
0
0
