578984165983651848
578984165983651840
578984165983125504
578984165983125504
578983066472024072
578983066472024064
578983066471497728
578983066471497728
578980867448768520
578980867448768512
578980867448242176
578980867448242176
578980867448768520
578980867448768512
578980867448242176
578980867448242176
2523413680228360
2523413680228352
2523413679702016
2523413679702016
2522314168600584
2522314168600576
2522314168074240
2522314168074240
2520115145345032
2520115145345024
2520115144818688
2520115144818688
2520115145345032
2520115145345024
2520115144818688
2520115144818688
578737875379030024
578737875379030016
578737875378503680
578737875378503680
578736775867402248
578736775867402240
578736775866875904
578736775866875904
578734576844146696
578734576844146688
578734576843620352
578734576843620352
578734576844146696
578734576844146688
578734576843620352
578734576843620352
2277123075606536
2277123075606528
2277123075080192
2277123075080192
2276023563978760
2276023563978752
2276023563452416
2276023563452416
2273824540723208
2273824540723200
2273824540196864
2273824540196864
2273824540723208
2273824540723200
2273824540196864
2273824540196864
578773059751118856
578773059751118848
578773059750592512
578773059750592512
578771960239491080
578771960239491072
578771960238964736
578771960238964736
578769761216235528
578769761216235520
578769761215709184
578769761215709184
578769761216235528
578769761216235520
578769761215709184
578769761215709184
2312307447695368
2312307447695360
2312307447169024
2312307447169024
2311207936067592
2311207936067584
2311207935541248
2311207935541248
2309008912812040
2309008912812032
2309008912285696
2309008912285696
2309008912812040
2309008912812032
2309008912285696
2309008912285696
578737875379030024
578737875379030016
578737875378503680
578737875378503680
578736775867402248
578736775867402240
578736775866875904
578736775866875904
578734576844146696
578734576844146688
578734576843620352
578734576843620352
578734576844146696
578734576844146688
578734576843620352
578734576843620352
2277123075606536
2277123075606528
2277123075080192
2277123075080192
2276023563978760
2276023563978752
2276023563452416
2276023563452416
2273824540723208
2273824540723200
2273824540196864
2273824540196864
2273824540723208
2273824540723200
2273824540196864
2273824540196864
578843428495296520
578843428495296512
578843428494770176
578843428494770176
578842328983668744
578842328983668736
578842328983142400
578842328983142400
578840129960413192
578840129960413184
578840129959886848
578840129959886848
578840129960413192
578840129960413184
578840129959886848
578840129959886848
2382676191873032
2382676191873024
2382676191346688
2382676191346688
2381576680245256
2381576680245248
2381576679718912
2381576679718912
2379377656989704
2379377656989696
2379377656463360
2379377656463360
2379377656989704
2379377656989696
2379377656463360
2379377656463360
578737875379030024
578737875379030016
578737875378503680
578737875378503680
578736775867402248
578736775867402240
578736775866875904
578736775866875904
578734576844146696
578734576844146688
578734576843620352
578734576843620352
578734576844146696
578734576844146688
578734576843620352
578734576843620352
2277123075606536
2277123075606528
2277123075080192
2277123075080192
2276023563978760
2276023563978752
2276023563452416
2276023563452416
2273824540723208
2273824540723200
2273824540196864
2273824540196864
2273824540723208
2273824540723200
2273824540196864
2273824540196864
578773059751118856
578773059751118848
578773059750592512
578773059750592512
578771960239491080
578771960239491072
578771960238964736
578771960238964736
578769761216235528
578769761216235520
578769761215709184
578769761215709184
578769761216235528
578769761216235520
578769761215709184
578769761215709184
2312307447695368
2312307447695360
2312307447169024
2312307447169024
2311207936067592
2311207936067584
2311207935541248
2311207935541248
2309008912812040
2309008912812032
2309008912285696
2309008912285696
2309008912812040
2309008912812032
2309008912285696
2309008912285696
578737875379030024
578737875379030016
578737875378503680
578737875378503680
578736775867402248
578736775867402240
578736775866875904
578736775866875904
578734576844146696
578734576844146688
578734576843620352
578734576843620352
578734576844146696
578734576844146688
578734576843620352
578734576843620352
2277123075606536
2277123075606528
2277123075080192
2277123075080192
2276023563978760
2276023563978752
2276023563452416
2276023563452416
2273824540723208
2273824540723200
2273824540196864
2273824540196864
2273824540723208
2273824540723200
2273824540196864
2273824540196864
578984165983649792
578984165983649792
578984165983125504
578984165983125504
578983066472022016
578983066472022016
578983066471497728
578983066471497728
578980867448766464
578980867448766464
578980867448242176
578980867448242176
578980867448766464
578980867448766464
578980867448242176
578980867448242176
2523413680226304
2523413680226304
2523413679702016
2523413679702016
2522314168598528
2522314168598528
2522314168074240
2522314168074240
2520115145342976
2520115145342976
2520115144818688
2520115144818688
2520115145342976
2520115145342976
2520115144818688
2520115144818688
578737875379027968
578737875379027968
578737875378503680
578737875378503680
578736775867400192
578736775867400192
578736775866875904
578736775866875904
578734576844144640
578734576844144640
578734576843620352
578734576843620352
578734576844144640
578734576844144640
578734576843620352
578734576843620352
2277123075604480
2277123075604480
2277123075080192
2277123075080192
2276023563976704
2276023563976704
2276023563452416
2276023563452416
2273824540721152
2273824540721152
2273824540196864
2273824540196864
2273824540721152
2273824540721152
2273824540196864
2273824540196864
578773059751116800
578773059751116800
578773059750592512
578773059750592512
578771960239489024
578771960239489024
578771960238964736
578771960238964736
578769761216233472
578769761216233472
578769761215709184
578769761215709184
578769761216233472
578769761216233472
578769761215709184
578769761215709184
2312307447693312
2312307447693312
2312307447169024
2312307447169024
2311207936065536
2311207936065536
2311207935541248
2311207935541248
2309008912809984
2309008912809984
2309008912285696
2309008912285696
2309008912809984
2309008912809984
2309008912285696
2309008912285696
578737875379027968
578737875379027968
578737875378503680
578737875378503680
578736775867400192
578736775867400192
578736775866875904
578736775866875904
578734576844144640
578734576844144640
578734576843620352
578734576843620352
578734576844144640
578734576844144640
578734576843620352
578734576843620352
2277123075604480
2277123075604480
2277123075080192
2277123075080192
2276023563976704
2276023563976704
2276023563452416
2276023563452416
2273824540721152
2273824540721152
2273824540196864
2273824540196864
2273824540721152
2273824540721152
2273824540196864
2273824540196864
578843428495294464
578843428495294464
578843428494770176
578843428494770176
578842328983666688
578842328983666688
578842328983142400
578842328983142400
578840129960411136
578840129960411136
578840129959886848
578840129959886848
578840129960411136
578840129960411136
578840129959886848
578840129959886848
2382676191870976
2382676191870976
2382676191346688
2382676191346688
2381576680243200
2381576680243200
2381576679718912
2381576679718912
2379377656987648
2379377656987648
2379377656463360
2379377656463360
2379377656987648
2379377656987648
2379377656463360
2379377656463360
578737875379027968
578737875379027968
578737875378503680
578737875378503680
578736775867400192
578736775867400192
578736775866875904
578736775866875904
578734576844144640
578734576844144640
578734576843620352
578734576843620352
578734576844144640
578734576844144640
578734576843620352
578734576843620352
2277123075604480
2277123075604480
2277123075080192
2277123075080192
2276023563976704
2276023563976704
2276023563452416
2276023563452416
2273824540721152
2273824540721152
2273824540196864
2273824540196864
2273824540721152
2273824540721152
2273824540196864
2273824540196864
578773059751116800
578773059751116800
578773059750592512
578773059750592512
578771960239489024
578771960239489024
578771960238964736
578771960238964736
578769761216233472
578769761216233472
578769761215709184
578769761215709184
578769761216233472
578769761216233472
578769761215709184
578769761215709184
2312307447693312
2312307447693312
2312307447169024
2312307447169024
2311207936065536
2311207936065536
2311207935541248
2311207935541248
2309008912809984
2309008912809984
2309008912285696
2309008912285696
2309008912809984
2309008912809984
2309008912285696
2309008912285696
578737875379027968
578737875379027968
578737875378503680
578737875378503680
578736775867400192
578736775867400192
578736775866875904
578736775866875904
578734576844144640
578734576844144640
578734576843620352
578734576843620352
578734576844144640
578734576844144640
578734576843620352
578734576843620352
2277123075604480
2277123075604480
2277123075080192
2277123075080192
2276023563976704
2276023563976704
2276023563452416
2276023563452416
2273824540721152
2273824540721152
2273824540196864
2273824540196864
2273824540721152
2273824540721152
2273824540196864
2273824540196864
578984165848907776
578984165848907776
578984165848907776
578984165848907776
578983066337280000
578983066337280000
578983066337280000
578983066337280000
578980867314024448
578980867314024448
578980867314024448
578980867314024448
578980867314024448
578980867314024448
578980867314024448
578980867314024448
2523413545484288
2523413545484288
2523413545484288
2523413545484288
2522314033856512
2522314033856512
2522314033856512
2522314033856512
2520115010600960
2520115010600960
2520115010600960
2520115010600960
2520115010600960
2520115010600960
2520115010600960
2520115010600960
578737875244285952
578737875244285952
578737875244285952
578737875244285952
578736775732658176
578736775732658176
578736775732658176
578736775732658176
578734576709402624
578734576709402624
578734576709402624
578734576709402624
578734576709402624
578734576709402624
578734576709402624
578734576709402624
2277122940862464
2277122940862464
2277122940862464
2277122940862464
2276023429234688
2276023429234688
2276023429234688
2276023429234688
2273824405979136
2273824405979136
2273824405979136
2273824405979136
2273824405979136
2273824405979136
2273824405979136
2273824405979136
578773059616374784
578773059616374784
578773059616374784
578773059616374784
578771960104747008
578771960104747008
578771960104747008
578771960104747008
578769761081491456
578769761081491456
578769761081491456
578769761081491456
578769761081491456
578769761081491456
578769761081491456
578769761081491456
2312307312951296
2312307312951296
2312307312951296
2312307312951296
2311207801323520
2311207801323520
2311207801323520
2311207801323520
2309008778067968
2309008778067968
2309008778067968
2309008778067968
2309008778067968
2309008778067968
2309008778067968
2309008778067968
578737875244285952
578737875244285952
578737875244285952
578737875244285952
578736775732658176
578736775732658176
578736775732658176
578736775732658176
578734576709402624
578734576709402624
578734576709402624
578734576709402624
578734576709402624
578734576709402624
578734576709402624
578734576709402624
2277122940862464
2277122940862464
2277122940862464
2277122940862464
2276023429234688
2276023429234688
2276023429234688
2276023429234688
2273824405979136
2273824405979136
2273824405979136
2273824405979136
2273824405979136
2273824405979136
2273824405979136
2273824405979136
578843428360552448
578843428360552448
578843428360552448
578843428360552448
578842328848924672
578842328848924672
578842328848924672
578842328848924672
578840129825669120
578840129825669120
578840129825669120
578840129825669120
578840129825669120
578840129825669120
578840129825669120
578840129825669120
2382676057128960
2382676057128960
2382676057128960
2382676057128960
2381576545501184
2381576545501184
2381576545501184
2381576545501184
2379377522245632
2379377522245632
2379377522245632
2379377522245632
2379377522245632
2379377522245632
2379377522245632
2379377522245632
578737875244285952
578737875244285952
578737875244285952
578737875244285952
578736775732658176
578736775732658176
578736775732658176
578736775732658176
578734576709402624
578734576709402624
578734576709402624
578734576709402624
578734576709402624
578734576709402624
578734576709402624
578734576709402624
2277122940862464
2277122940862464
2277122940862464
2277122940862464
2276023429234688
2276023429234688
2276023429234688
2276023429234688
2273824405979136
2273824405979136
2273824405979136
2273824405979136
2273824405979136
2273824405979136
2273824405979136
2273824405979136
578773059616374784
578773059616374784
578773059616374784
578773059616374784
578771960104747008
578771960104747008
578771960104747008
578771960104747008
578769761081491456
578769761081491456
578769761081491456
578769761081491456
578769761081491456
578769761081491456
578769761081491456
578769761081491456
2312307312951296
2312307312951296
2312307312951296
2312307312951296
2311207801323520
2311207801323520
2311207801323520
2311207801323520
2309008778067968
2309008778067968
2309008778067968
2309008778067968
2309008778067968
2309008778067968
2309008778067968
2309008778067968
578737875244285952
578737875244285952
578737875244285952
578737875244285952
578736775732658176
578736775732658176
578736775732658176
578736775732658176
578734576709402624
578734576709402624
578734576709402624
578734576709402624
578734576709402624
578734576709402624
578734576709402624
578734576709402624
2277122940862464
2277122940862464
2277122940862464
2277122940862464
2276023429234688
2276023429234688
2276023429234688
2276023429234688
2273824405979136
2273824405979136
2273824405979136
2273824405979136
2273824405979136
2273824405979136
2273824405979136
2273824405979136
578984165848907776
578984165848907776
578984165848907776
578984165848907776
578983066337280000
578983066337280000
578983066337280000
578983066337280000
578980867314024448
578980867314024448
578980867314024448
578980867314024448
578980867314024448
578980867314024448
578980867314024448
578980867314024448
2523413545484288
2523413545484288
2523413545484288
2523413545484288
2522314033856512
2522314033856512
2522314033856512
2522314033856512
2520115010600960
2520115010600960
2520115010600960
2520115010600960
2520115010600960
2520115010600960
2520115010600960
2520115010600960
578737875244285952
578737875244285952
578737875244285952
578737875244285952
578736775732658176
578736775732658176
578736775732658176
578736775732658176
578734576709402624
578734576709402624
578734576709402624
578734576709402624
578734576709402624
578734576709402624
578734576709402624
578734576709402624
2277122940862464
2277122940862464
2277122940862464
2277122940862464
2276023429234688
2276023429234688
2276023429234688
2276023429234688
2273824405979136
2273824405979136
2273824405979136
2273824405979136
2273824405979136
2273824405979136
2273824405979136
2273824405979136
578773059616374784
578773059616374784
578773059616374784
578773059616374784
578771960104747008
578771960104747008
578771960104747008
578771960104747008
578769761081491456
578769761081491456
578769761081491456
578769761081491456
578769761081491456
578769761081491456
578769761081491456
578769761081491456
2312307312951296
2312307312951296
2312307312951296
2312307312951296
2311207801323520
2311207801323520
2311207801323520
2311207801323520
2309008778067968
2309008778067968
2309008778067968
2309008778067968
2309008778067968
2309008778067968
2309008778067968
2309008778067968
578737875244285952
578737875244285952
578737875244285952
578737875244285952
578736775732658176
578736775732658176
578736775732658176
578736775732658176
578734576709402624
578734576709402624
578734576709402624
578734576709402624
578734576709402624
578734576709402624
578734576709402624
578734576709402624
2277122940862464
2277122940862464
2277122940862464
2277122940862464
2276023429234688
2276023429234688
2276023429234688
2276023429234688
2273824405979136
2273824405979136
2273824405979136
2273824405979136
2273824405979136
2273824405979136
2273824405979136
2273824405979136
578843428360552448
578843428360552448
578843428360552448
578843428360552448
578842328848924672
578842328848924672
578842328848924672
578842328848924672
578840129825669120
578840129825669120
578840129825669120
578840129825669120
578840129825669120
578840129825669120
578840129825669120
578840129825669120
2382676057128960
2382676057128960
2382676057128960
2382676057128960
2381576545501184
2381576545501184
2381576545501184
2381576545501184
2379377522245632
2379377522245632
2379377522245632
2379377522245632
2379377522245632
2379377522245632
2379377522245632
2379377522245632
578737875244285952
578737875244285952
578737875244285952
578737875244285952
578736775732658176
578736775732658176
578736775732658176
578736775732658176
578734576709402624
578734576709402624
578734576709402624
578734576709402624
578734576709402624
578734576709402624
578734576709402624
578734576709402624
2277122940862464
2277122940862464
2277122940862464
2277122940862464
2276023429234688
2276023429234688
2276023429234688
2276023429234688
2273824405979136
2273824405979136
2273824405979136
2273824405979136
2273824405979136
2273824405979136
2273824405979136
2273824405979136
578773059616374784
578773059616374784
578773059616374784
578773059616374784
578771960104747008
578771960104747008
578771960104747008
578771960104747008
578769761081491456
578769761081491456
578769761081491456
578769761081491456
578769761081491456
578769761081491456
578769761081491456
578769761081491456
2312307312951296
2312307312951296
2312307312951296
2312307312951296
2311207801323520
2311207801323520
2311207801323520
2311207801323520
2309008778067968
2309008778067968
2309008778067968
2309008778067968
2309008778067968
2309008778067968
2309008778067968
2309008778067968
578737875244285952
578737875244285952
578737875244285952
578737875244285952
578736775732658176
578736775732658176
578736775732658176
578736775732658176
578734576709402624
578734576709402624
578734576709402624
578734576709402624
578734576709402624
578734576709402624
578734576709402624
578734576709402624
2277122940862464
2277122940862464
2277122940862464
2277122940862464
2276023429234688
2276023429234688
2276023429234688
2276023429234688
2273824405979136
2273824405979136
2273824405979136
2273824405979136
2273824405979136
2273824405979136
2273824405979136
2273824405979136
0
0
0
0
0
0
0
0
0
0
0
0
0
0
0
0
0
0
0
0
0
0
0
0
0
0
0
0
0
0
0
0
0
0
0
0
0
0
0
0
0
0
0
0
0
0
0
0
0
0
0
0
0
0
0
0
0
0
0
0
0
0
0
0
0
0
0
0
0
0
0
0
0
0
0
0
0
0
0
0
0
0
0
0
0
0
0
0
0
0
0
0
0
0
0
0
0
0
0
0
0
0
0
0
0
0
0
0
0
0
0
0
0
0
0
0
0
0
0
0
0
0
0
0
0
0
0
0
0
0
0
0
0
0
0
0
0
0
0
0
0
0
0
0
0
0
0
0
0
0
0
0
0
0
0
0
0
0
0
0
0
0
0
0
0
0
0
0
0
0
0
0
0
0
0
0
0
0
0
0
0
0
0
0
0
0
0
0
0
0
0
0
0
0
0
0
0
0
0
0
0
0
0
0
0
0
0
0
0
0
0
0
0
0
0
0
0
0
0
0
0
0
0
0
0
0
0
0
0
0
0
0
0
0
0
0
0
0
0
0
0
0
0
0
0
0
0
0
0
0
0
0
0
0
0
0
0
0
0
0
0
0
0
0
0
0
0
0
0
0
0
0
0
0
0
0
0
0
0
0
0
0
0
0
0
0
0
0
0
0
0
0
0
0
0
0
0
0
0
0
0
0
0
0
0
0
0
0
0
0
0
0
0
0
0
0
0
0
0
0
0
0
0
0
0
0
0
0
0
0
0
0
0
0
0
0
0
0
0
0
0
0
0
0
0
0
0
0
0
0
0
0
0
0
0
0
0
0
0
0
0
0
0
0
0
0
0
0
0
0
0
0
0
0
0
0
0
0
0
0
0
0
0
0
0
0
0
0
0
0
0
0
0
0
0
0
0
0
0
0
0
0
0
0
0
0
0
0
0
0
0
0
0
0
0
0
0
0
0
0
0
0
0
0
0
0
0
0
0
0
0
0
0
0
0
0
0
0
0
0
0
0
0
0
0
0
0
0
0
0
0
0
0
0
0
0
0
0
0
0
0
0
0
0
0
0
0
0
0
0
0
0
0
0
0
0
0
0
0
0
0
0
0
0
0
0
0
0
0
0
0
0
0
0
0
0
0
0
0
0
0
0
0
0
0
0
0
0
0
0
0
0
0
0
0
0
0
0
0
0
0
0
0
0
0
0
0
0
0
0
0
0
0
0
0
0
0
0
0
0
0
0
0
0
0
0
0
0
0
0
0
0
0
0
0
0
0
0
0
0
0
0
0
0
0
0
0
0
0
0
0
0
0
0
0
0
0
0
0
0
0
0
0
0
0
0
0
0
0
0
0
0
0
0
0
0
0
0
0
0
0
0
0
0
0
0
0
0
0
0
0
0
0
0
0
0
0
0
0
0
0
0
0
0
0
0
0
0
0
0
0
0
0
0
0
0
0
0
0
0
0
0
0
0
0
0
0
0
0
0
0
0
0
0
0
0
0
0
0
0
0
0
0
0
0
0
0
0
0
0
0
0
0
0
0
0
0
0
0
0
0
0
0
0
0
0
0
0
0
0
0
0
0
0
0
0
0
0
0
0
0
0
0
0
0
0
0
0
0
0
0
0
0
0
0
0
0
0
0
0
0
0
0
0
0
0
0
0
0
0
0
0
0
0
0
0
0
0
0
0
0
0
0
0
0
0
0
0
0
0
0
0
0
0
0
0
0
0
0
0
0
0
0
0
0
0
0
0
0
0
0
0
0
0
0
0
0
0
0
0
0
0
0
0
0
0
0
0
0
0
0
0
0
0
0
0
0
0
0
0
0
0
0
0
0
0
0
0
0
0
0
0
0
0
0
0
0
0
0
0
0
0
0
0
0
0
0
0
0
0
0
0
0
0
0
0
0
0
0
0
0
0
0
0
0
0
0
0
0
0
0
0
0
0
0
0
0
0
0
0
0
0
0
0
0
0
0
0
0
0
0
0
0
0
0
0
0
0
0
0
0
0
0
0
0
0
0
0
0
0
0
0
0
0
0
0
0
0
0
0
0
0
0
0
0
0
0
0
0
0
0
0
0
0
0
0
0
0
0
0
0
0
0
0
0
0
0
0
0
0
0
0
0
0
0
0
0
0
0
0
0
0
0
0
0
0
0
0
0
0
0
0
0
0
0
0
0
0
0
0
0
0
0
0
0
0
0
0
0
0
0
0
0
0
0
0
0
0
0
0
0
0
0
0
0
0
0
0
0
0
0
0
0
0
0
0
0
0
0
0
0
0
0
0
0
0
0
0
0
0
0
0
0
0
0
0
0
0
0
0
0
0
0
0
0
0
0
0
0
0
0
0
0
0
0
0
0
0
0
0
0
0
0
0
0
0
0
0
0
0
0
0
0
0
0
0
0
0
0
0
0
0
0
0
0
0
0
0
0
0
0
0
0
0
0
0
0
0
0
0
0
0
0
0
0
0
0
0
0
0
0
0
0
0
0
0
0
0
0
0
0
0
0
0
0
0
0
0
0
0
0
0
0
0
0
0
0
0
0
0
0
0
0
0
0
0
0
0
0
0
0
0
0
0
0
0
0
0
0
0
0
0
0
0
0
0
0
0
0
0
0
0
0
0
0
0
0
0
0
0
0
0
0
0
0
0
0
0
0
0
0
0
0
0
0
0
0
0
0
0
0
0
0
0
0
0
0
0
0
0
0
0
0
0
0
0
0
0
0
0
0
0
0
0
0
0
0
0
0
0
0
0
0
0
0
0
0
0
0
0
0
0
0
0
0
0
0
0
0
0
0
0
0
0
0
0
0
0
0
0
0
0
0
0
0
0
0
0
0
0
0
0
0
0
0
0
0
0
0
0
0
0
0
0
0
0
0
0
0
0
0
0
0
0
0
0
0
0
0
0
0
0
0
0
0
0
0
0
0
0
0
0
0
0
0
0
0
0
0
0
0
0
0
0
0
0
0
0
0
0
0
0
0
0
0
0
0
0
0
0
0
0
0
0
0
0
0
0
0
0
0
0
0
0
0
0
0
0
0
0
0
0
0
0
0
0
0
0
0
0
0
0
0
0
0
0
0
0
0
0
0
0
0
0
0
0
0
0
0
0
0
0
0
0
0
0
0
0
0
0
0
0
0
0
0
0
0
0
0
0
0
0
0
0
0
0
0
0
0
0
0
0
0
0
0
0
0
0
0
0
0
0
0
0
0
0
0
0
0
0
0
0
0
0
0
0
0
0
0
0
0
0
0
0
0
0
0
0
0
0
0
0
0
0
0
0
0
0
0
0
0
0
0
0
0
0
0
0
0
0
0
0
0
0
0
0
0
0
0
0
0
0
0
0
0
0
0
0
0
0
0
0
0
0
0
0
0
0
0
0
0
0
0
0
0
0
0
0
0
0
0
0
0
0
0
0
0
0
0
0
0
0
0
0
0
0
0
0
0
0
0
0
0
0
0
0
0
0
0
0
0
0
0
0
0
0
0
0
0
0
0
0
0
0
0
0
0
0
0
0
0
0
0
0
0
0
0
0
0
0
0
0
0
0
0
0
0
0
0
0
0
0
0
0
0
0
0
0
0
0
0
0
0
0
0
0
0
0
0
0
0
0
0
0
0
0
0
0
0
0
0
0
0
0
0
0
0
0
0
0
0
0
0
0
0
0
0
0
0
0
0
0
0
0
0
0
0
0
0
0
0
0
0
0
0
0
0
0
0
0
0
0
0
0
0
0
0
0
0
0
0
0
0
0
0
0
0
0
0
0
0
0
0
0
0
0
0
0
0
0
0
0
0
0
0
0
0
0
0
0
0
0
0
0
0
0
0
0
0
0
0
0
0
0
0
0
0
0
0
0
0
0
0
0
0
0
0
0
0
0
0
0
0
0
0
0
0
0
0
0
0
0
0
0
0
0
0
0
0
0
0
0
0
0
0
0
0
0
0
0
0
0
0
0
0
0
0
0
0
0
0
0
0
0
0
0
0
0
0
0
0
0
0
0
0
0
0
0
0
0
0
0
0
0
0
0
0
0
0
0
0
0
0
0
0
0
0
0
0
0
0
0
0
0
0
0
0
0
0
0
0
0
0
0
0
0
0
0
0
0
0
0
0
0
0
0
0
0
0
0
0
0
0
0
0
0
0
0
0
0
0
0
0
0
0
0
0
0
0
0
0
0
0
0
0
0
0
0
0
0
0
0
0
0
0
0
0
0
0
0
0
0
0
0
0
0
0
0
0
0
0
0
0
0
0
0
0
0
0
0
0
0
0
0
0
0
0
0
0
0
0
0
0
0
0
0
0
0
0
0
0
0
0
0
0
0
0
0
0
0
0
0
0
0
0
0
0
0
0
0
0
0
0
0
0
0
0
0
0
0
0
0
0
0
0
0
0
0
0
0
0
0
0
0
0
0
0
0
0
0
0
0
0
0
0
0
0
0
0
0
0
0
0
0
0
0
0
0
0
0
0
0
0
0
0
0
0
0
0
0
0
0
0
0
0
0
0
0
0
0
0
0
0
0
0
0
0
0
0
0
0
0
0
0
0
0
0
0
0
0
0
0
0
0
0
0
0
0
0
0
0
0
0
0
0
0
0
0
0
0
0
0
0
0
0
0
0
0
0
0
0
0
0
0
0
0
0
0
0
0
0
0
0
0
0
0
0
0
0
0
0
0
0
0
0
0
0
0
0
0
0
0
0
0
0
0
0
0
0
0
0
0
0
0
0
0
0
0
0
0
0
0
0
0
0
0
0
0
0
0
0
0
0
0
0
0
0
0
0
0
0
0
0
0
0
0
0
0
0
0
0
0
0
0
0
0
0
0
0
0
0
0
0
0
0
0
0
0
0
0
0
0
0
0
0
0
0
0
0
0
0
0
0
0
0
0
0
0
0
0
0
0
0
0
0
0
0
0
0
0
0
0
0
0
0
0
0
0
0
0
0
0
0
0
0
0
0
0
0
0
0
0
0
0
0
0
0
0
0
0
0
0
0
0
0
0
0
0
0
0
0
0
0
0
0
0
0
0
0
0
0
0
0
0
0
0
0
0
0
0
0
0
0
0
0
0
0
0
0
0
0
0
0
0
0
0
0
0
0
0
0
0
0
0
0
0
0
0
0
0
0
0
0
0
0
0
0
0
0
0
0
0
0
0
0
0
0
0
0
0
0
0
0
0
0
0
0
0
0
0
0
0
0
0
0
0
0
0
0
0
0
0
0
0
0
0
0
0
0
0
0
0
0
0
0
0
0
0
0
0
0
0
0
0
0
0
0
0
0
0
0
0
0
0
0
0
0
0
0
0
0
0
0
0
0
0
0
0
0
0
0
0
0
0
0
0
0
0
0
0
0
0
0
0
0
0
0
0
0
0
0
0
0
0
0
0
0
0
0
0
0
0
0
0
0
0
0
0
0
0
0
0
0
0
0
0
0
0
0
0
0
0
0
0
0
0
0
0
0
0
0
0
0
0
0
0
0
0
0
0
0
0
0
0
0
0
0
0
0
0
0
0
0
0
0
0
0
0
0
0
0
0
0
0
0
0
0
0
0
0
0
0
0
0
0
0
0
0
0
0
0
0
0
0
0
0
0
0
0
0
0
0
0
0
0
0
0
0
0
0
0
0
0
0
0
0
0
0
0
0
0
0
0
0
0
0
0
0
0
0
0
0
0
0
0
0
0
0
0
0
0
0
0
0
0
0
0
0
0
0
0
0
0
0
0
0
0
0
0
0
0
0
0
0
0
0
0
0
0
0
0
0
0
0
0
0
0
0
0
0
0
0
0
0
0
0
0
0
0
0
0
0
0
0
0
0
0
0
0
0
0
0
0
0
0
0
0
0
0
0
0
0
0
0
0
0
0
0
0
0
0
0
0
0
0
0
0
0
0
0
0
0
0
0
0
0
0
0
0
0
0
0
0
0
0
0
0
0
0
0
0
0
0
0
0
0
0
0
0
0
0
0
0
0
0
0
0
0
0
0
0
0
0
0
0
0
0
0
0
0
0
0
0
0
0
0
0
0
0
0
0
0
0
0
0
0
0
0
0
0
0
0
0
0
0
0
0
0
0
0
0
0
0
0
0
0
0
0
0
0
0
0
0
0
0
0
0
0
0
0
0
0
0
0
0
0
0
0
0
0
0
0
0
0
0
0
0
0
0
0
0
0
0
0
0
0
0
0
0
0
0
0
0
0
0
0
0
0
0
0
0
0
0
0
0
0
0
0
0
0
0
0
0
0
0
0
0
0
0
0
0
0
0
0
0
0
0
0
0
0
0
0
0
0
0
0
0
0
0
0
0
0
0
0
0
0
0
0
0
0
0
0
0
0
0
0
0
0
0
0
0
0
0
0
0
0
0
0
0
0
0
0
0
0
0
0
0
0
0
0
0
0
0
0
0
0
0
0
0
0
0
0
0
0
0
0
0
0
0
0
0
0
0
0
0
0
0
0
0
0
0
0
0
0
0
0
0
0
0
0
0
0
0
0
0
0
0
0
0
0
0
0
0
0
0
0
0
0
0
0
0
0
0
0
0
0
0
0
0
0
0
0
0
0
0
0
0
0
0
0
0
0
0
0
0
0
0
0
0
0
0
0
0
0
0
0
0
0
0
0
0
0
0
0
0
0
0
0
0
0
0
0
0
0
0
0
0
0
0
0
0
0
0
0
0
0
0
0
0
0
0
0
0
0
0
0
0
0
0
0
0
0
0
0
0
0
0
0
0
0
0
0
0
0
0
0
0
0
0
0
0
0
0
0
0
0
0
0
0
0
0
0
0
0
0
0
0
0
0
0
0
0
0
0
0
0
0
0
0
0
0
0
0
0
0
0
0
0
0
0
0
0
0
0
0
0
0
0
0
0
0
0
0
0
0
0
0
0
0
0
0
0
0
0
0
0
0
0
0
0
0
0
0
0
0
0
0
0
0
0
0
0
0
0
0
0
0
0
0
0
0
0
