1157687956502220816
1157687956502220800
1157687956501168128
1157687956501168128
1157686856990593040
1157686856990593024
1157686856989540352
1157686856989540352
1157684657967337488
1157684657967337472
1157684657966284800
1157684657966284800
1157684657967337488
1157684657967337472
1157684657966284800
1157684657966284800
1157680259920826384
1157680259920826368
1157680259919773696
1157680259919773696
1157680259920826384
1157680259920826368
1157680259919773696
1157680259919773696
1157680259920826384
1157680259920826368
1157680259919773696
1157680259919773696
1157680259920826384
1157680259920826368
1157680259919773696
1157680259919773696
4766451895373840
4766451895373824
4766451894321152
4766451894321152
4765352383746064
4765352383746048
4765352382693376
4765352382693376
4763153360490512
4763153360490496
4763153359437824
4763153359437824
4763153360490512
4763153360490496
4763153359437824
4763153359437824
4758755313979408
4758755313979392
4758755312926720
4758755312926720
4758755313979408
4758755313979392
4758755312926720
4758755312926720
4758755313979408
4758755313979392
4758755312926720
4758755312926720
4758755313979408
4758755313979392
4758755312926720
4758755312926720
1157476850269687824
1157476850269687808
1157476850268635136
1157476850268635136
1157475750758060048
1157475750758060032
1157475750757007360
1157475750757007360
1157473551734804496
1157473551734804480
1157473551733751808
1157473551733751808
1157473551734804496
1157473551734804480
1157473551733751808
1157473551733751808
1157469153688293392
1157469153688293376
1157469153687240704
1157469153687240704
1157469153688293392
1157469153688293376
1157469153687240704
1157469153687240704
1157469153688293392
1157469153688293376
1157469153687240704
1157469153687240704
1157469153688293392
1157469153688293376
1157469153687240704
1157469153687240704
4555345662840848
4555345662840832
4555345661788160
4555345661788160
4554246151213072
4554246151213056
4554246150160384
4554246150160384
4552047127957520
4552047127957504
4552047126904832
4552047126904832
4552047127957520
4552047127957504
4552047126904832
4552047126904832
4547649081446416
4547649081446400
4547649080393728
4547649080393728
4547649081446416
4547649081446400
4547649080393728
4547649080393728
4547649081446416
4547649081446400
4547649080393728
4547649080393728
4547649081446416
4547649081446400
4547649080393728
4547649080393728
1157547219013865488
1157547219013865472
1157547219012812800
1157547219012812800
1157546119502237712
1157546119502237696
1157546119501185024
1157546119501185024
1157543920478982160
1157543920478982144
1157543920477929472
1157543920477929472
1157543920478982160
1157543920478982144
1157543920477929472
1157543920477929472
1157539522432471056
1157539522432471040
1157539522431418368
1157539522431418368
1157539522432471056
1157539522432471040
1157539522431418368
1157539522431418368
1157539522432471056
1157539522432471040
1157539522431418368
1157539522431418368
1157539522432471056
1157539522432471040
1157539522431418368
1157539522431418368
4625714407018512
4625714407018496
4625714405965824
4625714405965824
4624614895390736
4624614895390720
4624614894338048
4624614894338048
4622415872135184
4622415872135168
4622415871082496
4622415871082496
4622415872135184
4622415872135168
4622415871082496
4622415871082496
4618017825624080
4618017825624064
4618017824571392
4618017824571392
4618017825624080
4618017825624064
4618017824571392
4618017824571392
4618017825624080
4618017825624064
4618017824571392
4618017824571392
4618017825624080
4618017825624064
4618017824571392
4618017824571392
1157476850269687824
1157476850269687808
1157476850268635136
1157476850268635136
1157475750758060048
1157475750758060032
1157475750757007360
1157475750757007360
1157473551734804496
1157473551734804480
1157473551733751808
1157473551733751808
1157473551734804496
1157473551734804480
1157473551733751808
1157473551733751808
1157469153688293392
1157469153688293376
1157469153687240704
1157469153687240704
1157469153688293392
1157469153688293376
1157469153687240704
1157469153687240704
1157469153688293392
1157469153688293376
1157469153687240704
1157469153687240704
1157469153688293392
1157469153688293376
1157469153687240704
1157469153687240704
4555345662840848
4555345662840832
4555345661788160
4555345661788160
4554246151213072
4554246151213056
4554246150160384
4554246150160384
4552047127957520
4552047127957504
4552047126904832
4552047126904832
4552047127957520
4552047127957504
4552047126904832
4552047126904832
4547649081446416
4547649081446400
4547649080393728
4547649080393728
4547649081446416
4547649081446400
4547649080393728
4547649080393728
4547649081446416
4547649081446400
4547649080393728
4547649080393728
4547649081446416
4547649081446400
4547649080393728
4547649080393728
1157687956502216704
1157687956502216704
1157687956501168128
1157687956501168128
1157686856990588928
1157686856990588928
1157686856989540352
1157686856989540352
1157684657967333376
1157684657967333376
1157684657966284800
1157684657966284800
1157684657967333376
1157684657967333376
1157684657966284800
1157684657966284800
1157680259920822272
1157680259920822272
1157680259919773696
1157680259919773696
1157680259920822272
1157680259920822272
1157680259919773696
1157680259919773696
1157680259920822272
1157680259920822272
1157680259919773696
1157680259919773696
1157680259920822272
1157680259920822272
1157680259919773696
1157680259919773696
4766451895369728
4766451895369728
4766451894321152
4766451894321152
4765352383741952
4765352383741952
4765352382693376
4765352382693376
4763153360486400
4763153360486400
4763153359437824
4763153359437824
4763153360486400
4763153360486400
4763153359437824
4763153359437824
4758755313975296
4758755313975296
4758755312926720
4758755312926720
4758755313975296
4758755313975296
4758755312926720
4758755312926720
4758755313975296
4758755313975296
4758755312926720
4758755312926720
4758755313975296
4758755313975296
4758755312926720
4758755312926720
1157476850269683712
1157476850269683712
1157476850268635136
1157476850268635136
1157475750758055936
1157475750758055936
1157475750757007360
1157475750757007360
1157473551734800384
1157473551734800384
1157473551733751808
1157473551733751808
1157473551734800384
1157473551734800384
1157473551733751808
1157473551733751808
1157469153688289280
1157469153688289280
1157469153687240704
1157469153687240704
1157469153688289280
1157469153688289280
1157469153687240704
1157469153687240704
1157469153688289280
1157469153688289280
1157469153687240704
1157469153687240704
1157469153688289280
1157469153688289280
1157469153687240704
1157469153687240704
4555345662836736
4555345662836736
4555345661788160
4555345661788160
4554246151208960
4554246151208960
4554246150160384
4554246150160384
4552047127953408
4552047127953408
4552047126904832
4552047126904832
4552047127953408
4552047127953408
4552047126904832
4552047126904832
4547649081442304
4547649081442304
4547649080393728
4547649080393728
4547649081442304
4547649081442304
4547649080393728
4547649080393728
4547649081442304
4547649081442304
4547649080393728
4547649080393728
4547649081442304
4547649081442304
4547649080393728
4547649080393728
1157547219013861376
1157547219013861376
1157547219012812800
1157547219012812800
1157546119502233600
1157546119502233600
1157546119501185024
1157546119501185024
1157543920478978048
1157543920478978048
1157543920477929472
1157543920477929472
1157543920478978048
1157543920478978048
1157543920477929472
1157543920477929472
1157539522432466944
1157539522432466944
1157539522431418368
1157539522431418368
1157539522432466944
1157539522432466944
1157539522431418368
1157539522431418368
1157539522432466944
1157539522432466944
1157539522431418368
1157539522431418368
1157539522432466944
1157539522432466944
1157539522431418368
1157539522431418368
4625714407014400
4625714407014400
4625714405965824
4625714405965824
4624614895386624
4624614895386624
4624614894338048
4624614894338048
4622415872131072
4622415872131072
4622415871082496
4622415871082496
4622415872131072
4622415872131072
4622415871082496
4622415871082496
4618017825619968
4618017825619968
4618017824571392
4618017824571392
4618017825619968
4618017825619968
4618017824571392
4618017824571392
4618017825619968
4618017825619968
4618017824571392
4618017824571392
4618017825619968
4618017825619968
4618017824571392
4618017824571392
1157476850269683712
1157476850269683712
1157476850268635136
1157476850268635136
1157475750758055936
1157475750758055936
1157475750757007360
1157475750757007360
1157473551734800384
1157473551734800384
1157473551733751808
1157473551733751808
1157473551734800384
1157473551734800384
1157473551733751808
1157473551733751808
1157469153688289280
1157469153688289280
1157469153687240704
1157469153687240704
1157469153688289280
1157469153688289280
1157469153687240704
1157469153687240704
1157469153688289280
1157469153688289280
1157469153687240704
1157469153687240704
1157469153688289280
1157469153688289280
1157469153687240704
1157469153687240704
4555345662836736
4555345662836736
4555345661788160
4555345661788160
4554246151208960
4554246151208960
4554246150160384
4554246150160384
4552047127953408
4552047127953408
4552047126904832
4552047126904832
4552047127953408
4552047127953408
4552047126904832
4552047126904832
4547649081442304
4547649081442304
4547649080393728
4547649080393728
4547649081442304
4547649081442304
4547649080393728
4547649080393728
4547649081442304
4547649081442304
4547649080393728
4547649080393728
4547649081442304
4547649081442304
4547649080393728
4547649080393728
1157687956232732672
1157687956232732672
1157687956232732672
1157687956232732672
1157686856721104896
1157686856721104896
1157686856721104896
1157686856721104896
1157684657697849344
1157684657697849344
1157684657697849344
1157684657697849344
1157684657697849344
1157684657697849344
1157684657697849344
1157684657697849344
1157680259651338240
1157680259651338240
1157680259651338240
1157680259651338240
1157680259651338240
1157680259651338240
1157680259651338240
1157680259651338240
1157680259651338240
1157680259651338240
1157680259651338240
1157680259651338240
1157680259651338240
1157680259651338240
1157680259651338240
1157680259651338240
4766451625885696
4766451625885696
4766451625885696
4766451625885696
4765352114257920
4765352114257920
4765352114257920
4765352114257920
4763153091002368
4763153091002368
4763153091002368
4763153091002368
4763153091002368
4763153091002368
4763153091002368
4763153091002368
4758755044491264
4758755044491264
4758755044491264
4758755044491264
4758755044491264
4758755044491264
4758755044491264
4758755044491264
4758755044491264
4758755044491264
4758755044491264
4758755044491264
4758755044491264
4758755044491264
4758755044491264
4758755044491264
1157476850000199680
1157476850000199680
1157476850000199680
1157476850000199680
1157475750488571904
1157475750488571904
1157475750488571904
1157475750488571904
1157473551465316352
1157473551465316352
1157473551465316352
1157473551465316352
1157473551465316352
1157473551465316352
1157473551465316352
1157473551465316352
1157469153418805248
1157469153418805248
1157469153418805248
1157469153418805248
1157469153418805248
1157469153418805248
1157469153418805248
1157469153418805248
1157469153418805248
1157469153418805248
1157469153418805248
1157469153418805248
1157469153418805248
1157469153418805248
1157469153418805248
1157469153418805248
4555345393352704
4555345393352704
4555345393352704
4555345393352704
4554245881724928
4554245881724928
4554245881724928
4554245881724928
4552046858469376
4552046858469376
4552046858469376
4552046858469376
4552046858469376
4552046858469376
4552046858469376
4552046858469376
4547648811958272
4547648811958272
4547648811958272
4547648811958272
4547648811958272
4547648811958272
4547648811958272
4547648811958272
4547648811958272
4547648811958272
4547648811958272
4547648811958272
4547648811958272
4547648811958272
4547648811958272
4547648811958272
1157547218744377344
1157547218744377344
1157547218744377344
1157547218744377344
1157546119232749568
1157546119232749568
1157546119232749568
1157546119232749568
1157543920209494016
1157543920209494016
1157543920209494016
1157543920209494016
1157543920209494016
1157543920209494016
1157543920209494016
1157543920209494016
1157539522162982912
1157539522162982912
1157539522162982912
1157539522162982912
1157539522162982912
1157539522162982912
1157539522162982912
1157539522162982912
1157539522162982912
1157539522162982912
1157539522162982912
1157539522162982912
1157539522162982912
1157539522162982912
1157539522162982912
1157539522162982912
4625714137530368
4625714137530368
4625714137530368
4625714137530368
4624614625902592
4624614625902592
4624614625902592
4624614625902592
4622415602647040
4622415602647040
4622415602647040
4622415602647040
4622415602647040
4622415602647040
4622415602647040
4622415602647040
4618017556135936
4618017556135936
4618017556135936
4618017556135936
4618017556135936
4618017556135936
4618017556135936
4618017556135936
4618017556135936
4618017556135936
4618017556135936
4618017556135936
4618017556135936
4618017556135936
4618017556135936
4618017556135936
1157476850000199680
1157476850000199680
1157476850000199680
1157476850000199680
1157475750488571904
1157475750488571904
1157475750488571904
1157475750488571904
1157473551465316352
1157473551465316352
1157473551465316352
1157473551465316352
1157473551465316352
1157473551465316352
1157473551465316352
1157473551465316352
1157469153418805248
1157469153418805248
1157469153418805248
1157469153418805248
1157469153418805248
1157469153418805248
1157469153418805248
1157469153418805248
1157469153418805248
1157469153418805248
1157469153418805248
1157469153418805248
1157469153418805248
1157469153418805248
1157469153418805248
1157469153418805248
4555345393352704
4555345393352704
4555345393352704
4555345393352704
4554245881724928
4554245881724928
4554245881724928
4554245881724928
4552046858469376
4552046858469376
4552046858469376
4552046858469376
4552046858469376
4552046858469376
4552046858469376
4552046858469376
4547648811958272
4547648811958272
4547648811958272
4547648811958272
4547648811958272
4547648811958272
4547648811958272
4547648811958272
4547648811958272
4547648811958272
4547648811958272
4547648811958272
4547648811958272
4547648811958272
4547648811958272
4547648811958272
1157687956232732672
1157687956232732672
1157687956232732672
1157687956232732672
1157686856721104896
1157686856721104896
1157686856721104896
1157686856721104896
1157684657697849344
1157684657697849344
1157684657697849344
1157684657697849344
1157684657697849344
1157684657697849344
1157684657697849344
1157684657697849344
1157680259651338240
1157680259651338240
1157680259651338240
1157680259651338240
1157680259651338240
1157680259651338240
1157680259651338240
1157680259651338240
1157680259651338240
1157680259651338240
1157680259651338240
1157680259651338240
1157680259651338240
1157680259651338240
1157680259651338240
1157680259651338240
4766451625885696
4766451625885696
4766451625885696
4766451625885696
4765352114257920
4765352114257920
4765352114257920
4765352114257920
4763153091002368
4763153091002368
4763153091002368
4763153091002368
4763153091002368
4763153091002368
4763153091002368
4763153091002368
4758755044491264
4758755044491264
4758755044491264
4758755044491264
4758755044491264
4758755044491264
4758755044491264
4758755044491264
4758755044491264
4758755044491264
4758755044491264
4758755044491264
4758755044491264
4758755044491264
4758755044491264
4758755044491264
1157476850000199680
1157476850000199680
1157476850000199680
1157476850000199680
1157475750488571904
1157475750488571904
1157475750488571904
1157475750488571904
1157473551465316352
1157473551465316352
1157473551465316352
1157473551465316352
1157473551465316352
1157473551465316352
1157473551465316352
1157473551465316352
1157469153418805248
1157469153418805248
1157469153418805248
1157469153418805248
1157469153418805248
1157469153418805248
1157469153418805248
1157469153418805248
1157469153418805248
1157469153418805248
1157469153418805248
1157469153418805248
1157469153418805248
1157469153418805248
1157469153418805248
1157469153418805248
4555345393352704
4555345393352704
4555345393352704
4555345393352704
4554245881724928
4554245881724928
4554245881724928
4554245881724928
4552046858469376
4552046858469376
4552046858469376
4552046858469376
4552046858469376
4552046858469376
4552046858469376
4552046858469376
4547648811958272
4547648811958272
4547648811958272
4547648811958272
4547648811958272
4547648811958272
4547648811958272
4547648811958272
4547648811958272
4547648811958272
4547648811958272
4547648811958272
4547648811958272
4547648811958272
4547648811958272
4547648811958272
1157547218744377344
1157547218744377344
1157547218744377344
1157547218744377344
1157546119232749568
1157546119232749568
1157546119232749568
1157546119232749568
1157543920209494016
1157543920209494016
1157543920209494016
1157543920209494016
1157543920209494016
1157543920209494016
1157543920209494016
1157543920209494016
1157539522162982912
1157539522162982912
1157539522162982912
1157539522162982912
1157539522162982912
1157539522162982912
1157539522162982912
1157539522162982912
1157539522162982912
1157539522162982912
1157539522162982912
1157539522162982912
1157539522162982912
1157539522162982912
1157539522162982912
1157539522162982912
4625714137530368
4625714137530368
4625714137530368
4625714137530368
4624614625902592
4624614625902592
4624614625902592
4624614625902592
4622415602647040
4622415602647040
4622415602647040
4622415602647040
4622415602647040
4622415602647040
4622415602647040
4622415602647040
4618017556135936
4618017556135936
4618017556135936
4618017556135936
4618017556135936
4618017556135936
4618017556135936
4618017556135936
4618017556135936
4618017556135936
4618017556135936
4618017556135936
4618017556135936
4618017556135936
4618017556135936
4618017556135936
1157476850000199680
1157476850000199680
1157476850000199680
1157476850000199680
1157475750488571904
1157475750488571904
1157475750488571904
1157475750488571904
1157473551465316352
1157473551465316352
1157473551465316352
1157473551465316352
1157473551465316352
1157473551465316352
1157473551465316352
1157473551465316352
1157469153418805248
1157469153418805248
1157469153418805248
1157469153418805248
1157469153418805248
1157469153418805248
1157469153418805248
1157469153418805248
1157469153418805248
1157469153418805248
1157469153418805248
1157469153418805248
1157469153418805248
1157469153418805248
1157469153418805248
1157469153418805248
4555345393352704
4555345393352704
4555345393352704
4555345393352704
4554245881724928
4554245881724928
4554245881724928
4554245881724928
4552046858469376
4552046858469376
4552046858469376
4552046858469376
4552046858469376
4552046858469376
4552046858469376
4552046858469376
4547648811958272
4547648811958272
4547648811958272
4547648811958272
4547648811958272
4547648811958272
4547648811958272
4547648811958272
4547648811958272
4547648811958272
4547648811958272
4547648811958272
4547648811958272
4547648811958272
4547648811958272
4547648811958272
0
0
0
0
0
0
0
0
0
0
0
0
0
0
0
0
0
0
0
0
0
0
0
0
0
0
0
0
0
0
0
0
0
0
0
0
0
0
0
0
0
0
0
0
0
0
0
0
0
0
0
0
0
0
0
0
0
0
0
0
0
0
0
0
0
0
0
0
0
0
0
0
0
0
0
0
0
0
0
0
0
0
0
0
0
0
0
0
0
0
0
0
0
0
0
0
0
0
0
0
0
0
0
0
0
0
0
0
0
0
0
0
0
0
0
0
0
0
0
0
0
0
0
0
0
0
0
0
0
0
0
0
0
0
0
0
0
0
0
0
0
0
0
0
0
0
0
0
0
0
0
0
0
0
0
0
0
0
0
0
0
0
0
0
0
0
0
0
0
0
0
0
0
0
0
0
0
0
0
0
0
0
0
0
0
0
0
0
0
0
0
0
0
0
0
0
0
0
0
0
0
0
0
0
0
0
0
0
0
0
0
0
0
0
0
0
0
0
0
0
0
0
0
0
0
0
0
0
0
0
0
0
0
0
0
0
0
0
0
0
0
0
0
0
0
0
0
0
0
0
0
0
0
0
0
0
0
0
0
0
0
0
0
0
0
0
0
0
0
0
0
0
0
0
0
0
0
0
0
0
0
0
0
0
0
0
0
0
0
0
0
0
0
0
0
0
0
0
0
0
0
0
0
0
0
0
0
0
0
0
0
0
0
0
0
0
0
0
0
0
0
0
0
0
0
0
0
0
0
0
0
0
0
0
0
0
0
0
0
0
0
0
0
0
0
0
0
0
0
0
0
0
0
0
0
0
0
0
0
0
0
0
0
0
0
0
0
0
0
0
0
0
0
0
0
0
0
0
0
0
0
0
0
0
0
0
0
0
0
0
0
0
0
0
0
0
0
0
0
0
0
0
0
0
0
0
0
0
0
0
0
0
0
0
0
0
0
0
0
0
0
0
0
0
0
0
0
0
0
0
0
0
0
0
0
0
0
0
0
0
0
0
0
0
0
0
0
0
0
0
0
0
0
0
0
0
0
0
0
0
0
0
0
0
0
0
0
0
0
0
0
0
0
0
0
0
0
0
0
0
0
0
0
0
0
0
0
0
0
0
0
0
0
0
0
0
0
0
0
0
0
0
0
0
0
0
0
0
0
0
0
0
0
0
0
0
0
0
0
0
0
0
0
0
0
0
0
0
0
0
0
0
0
0
0
0
0
0
0
0
0
0
0
0
0
0
0
0
0
0
0
0
0
0
0
0
0
0
0
0
0
0
0
0
0
0
0
0
0
0
0
0
0
0
0
0
0
0
0
0
0
0
0
0
0
0
0
0
0
0
0
0
0
0
0
0
0
0
0
0
0
0
0
0
0
0
0
0
0
0
0
0
0
0
0
0
0
0
0
0
0
0
0
0
0
0
0
0
0
0
0
0
0
0
0
0
0
0
0
0
0
0
0
0
0
0
0
0
0
0
0
0
0
0
0
0
0
0
0
0
0
0
0
0
0
0
0
0
0
0
0
0
0
0
0
0
0
0
0
0
0
0
0
0
0
0
0
0
0
0
0
0
0
0
0
0
0
0
0
0
0
0
0
0
0
0
0
0
0
0
0
0
0
0
0
0
0
0
0
0
0
0
0
0
0
0
0
0
0
0
0
0
0
0
0
0
0
0
0
0
0
0
0
0
0
0
0
0
0
0
0
0
0
0
0
0
0
0
0
0
0
0
0
0
0
0
0
0
0
0
0
0
0
0
0
0
0
0
0
0
0
0
0
0
0
0
0
0
0
0
0
0
0
0
0
0
0
0
0
0
0
0
0
0
0
0
0
0
0
0
0
0
0
0
0
0
0
0
0
0
0
0
0
0
0
0
0
0
0
0
0
0
0
0
0
0
0
0
0
0
0
0
0
0
0
0
0
0
0
0
0
0
0
0
0
0
0
0
0
0
0
0
0
0
0
0
0
0
0
0
0
0
0
0
0
0
0
0
0
0
0
0
0
0
0
0
0
0
0
0
0
0
0
0
0
0
0
0
0
0
0
0
0
0
0
0
0
0
0
0
0
0
0
0
0
0
0
0
0
0
0
0
0
0
0
0
0
0
0
0
0
0
0
0
0
0
0
0
0
0
0
0
0
0
0
0
0
0
0
0
0
0
0
0
0
0
0
0
0
0
0
0
0
0
0
0
0
0
0
0
0
0
0
0
0
0
0
0
0
0
0
0
0
0
0
0
0
0
0
0
0
0
0
0
0
0
0
0
0
0
0
0
0
0
0
0
0
0
0
0
0
0
0
0
0
0
0
0
0
0
0
0
0
0
0
0
0
0
0
0
0
0
0
0
0
0
0
0
0
0
0
0
0
0
0
0
0
0
0
0
0
0
0
0
0
0
0
0
0
0
0
0
0
0
0
0
0
0
0
0
0
0
0
0
0
0
0
0
0
0
0
0
0
0
0
0
0
0
0
0
0
0
0
0
0
0
0
0
0
0
0
0
0
0
0
0
0
0
0
0
0
0
0
0
0
0
0
0
0
0
0
0
0
0
0
0
0
0
0
0
0
0
0
0
0
0
0
0
0
0
0
0
0
0
0
0
0
0
0
0
0
0
0
0
0
0
0
0
0
0
0
0
0
0
0
0
0
0
0
0
0
0
0
0
0
0
0
0
0
0
0
0
0
0
0
0
0
0
0
0
0
0
0
0
0
0
0
0
0
0
0
0
0
0
0
0
0
0
0
0
0
0
0
0
0
0
0
0
0
0
0
0
0
0
0
0
0
0
0
0
0
0
0
0
0
0
0
0
0
0
0
0
0
0
0
0
0
0
0
0
0
0
0
0
0
0
0
0
0
0
0
0
0
0
0
0
0
0
0
0
0
0
0
0
0
0
0
0
0
0
0
0
0
0
0
0
0
0
0
0
0
0
0
0
0
0
0
0
0
0
0
0
0
0
0
0
0
0
0
0
0
0
0
0
0
0
0
0
0
0
0
0
0
0
0
0
0
0
0
0
0
0
0
0
0
0
0
0
0
0
0
0
0
0
0
0
0
0
0
0
0
0
0
0
0
0
0
0
0
0
0
0
0
0
0
0
0
0
0
0
0
0
0
0
0
0
0
0
0
0
0
0
0
0
0
0
0
0
0
0
0
0
0
0
0
0
0
0
0
0
0
0
0
0
0
0
0
0
0
0
0
0
0
0
0
0
0
0
0
0
0
0
0
0
0
0
0
0
0
0
0
0
0
0
0
0
0
0
0
0
0
0
0
0
0
0
0
0
0
0
0
0
0
0
0
0
0
0
0
0
0
0
0
0
0
0
0
0
0
0
0
0
0
0
0
0
0
0
0
0
0
0
0
0
0
0
0
0
0
0
0
0
0
0
0
0
0
0
0
0
0
0
0
0
0
0
0
0
0
0
0
0
0
0
0
0
0
0
0
0
0
0
0
0
0
0
0
0
0
0
0
0
0
0
0
0
0
0
0
0
0
0
0
0
0
0
0
0
0
0
0
0
0
0
0
0
0
0
0
0
0
0
0
0
0
0
0
0
0
0
0
0
0
0
0
0
0
0
0
0
0
0
0
0
0
0
0
0
0
0
0
0
0
0
0
0
0
0
0
0
0
0
0
0
0
0
0
0
0
0
0
0
0
0
0
0
0
0
0
0
0
0
0
0
0
0
0
0
0
0
0
0
0
0
0
0
0
0
0
0
0
0
0
0
0
0
0
0
0
0
0
0
0
0
0
0
0
0
0
0
0
0
0
0
0
0
0
0
0
0
0
0
0
0
0
0
0
0
0
0
0
0
0
0
0
0
0
0
0
0
0
0
0
0
0
0
0
0
0
0
0
0
0
0
0
0
0
0
0
0
0
0
0
0
0
0
0
0
0
0
0
0
0
0
0
0
0
0
0
0
0
0
0
0
0
0
0
0
0
0
0
0
0
0
0
0
0
0
0
0
0
0
0
0
0
0
0
0
0
0
0
0
0
0
0
0
0
0
0
0
0
0
0
0
0
0
0
0
0
0
0
0
0
0
0
0
0
0
0
0
0
0
0
0
0
0
0
0
0
0
0
0
0
0
0
0
0
0
0
0
0
0
0
0
0
0
0
0
0
0
0
0
0
0
0
0
0
0
0
0
0
0
0
0
0
0
0
0
0
0
0
0
0
0
0
0
0
0
0
0
0
0
0
0
0
0
0
0
0
0
0
0
0
0
0
0
0
0
0
0
0
0
0
0
0
0
0
0
0
0
0
0
0
0
0
0
0
0
0
0
0
0
0
0
0
0
0
0
0
0
0
0
0
0
0
0
0
0
0
0
0
0
0
0
0
0
0
0
0
0
0
0
0
0
0
0
0
0
0
0
0
0
0
0
0
0
0
0
0
0
0
0
0
0
0
0
0
0
0
0
0
0
0
0
0
0
0
0
0
0
0
0
0
0
0
0
0
0
0
0
0
0
0
0
0
0
0
0
0
0
0
0
0
0
0
0
0
0
0
0
0
0
0
0
0
0
0
0
0
0
0
0
0
0
0
0
0
0
0
0
0
0
0
0
0
0
0
0
0
0
0
0
0
0
0
0
0
0
0
0
0
0
0
0
0
0
0
0
0
0
0
0
0
0
0
0
0
0
0
0
0
0
0
0
0
0
0
0
0
0
0
0
0
0
0
0
0
0
0
0
0
0
0
0
0
0
0
0
0
0
0
0
0
0
0
0
0
0
0
0
0
0
0
0
0
0
0
0
0
0
0
0
0
0
0
0
0
0
0
0
0
0
0
0
0
0
0
0
0
0
0
0
0
0
0
0
0
0
0
0
0
0
0
0
0
0
0
0
0
0
0
0
0
0
0
0
0
0
0
0
0
0
0
0
0
0
0
0
0
0
0
0
0
0
0
0
0
0
0
0
0
0
0
0
0
0
0
0
0
0
0
0
0
0
0
0
0
0
0
0
0
0
0
0
0
0
0
0
0
0
0
0
0
0
0
0
0
0
0
0
0
0
0
0
0
0
0
0
0
0
0
0
0
0
0
0
0
0
0
0
0
0
0
0
0
0
0
0
0
0
0
0
0
0
0
0
0
0
0
0
0
0
0
0
0
0
0
0
0
0
0
0
0
0
0
0
0
0
0
0
0
0
0
0
0
0
0
0
0
0
0
0
0
0
0
0
0
0
0
0
0
0
0
0
0
0
0
0
0
0
0
0
0
0
0
0
0
0
0
0
0
0
0
0
0
0
0
0
0
0
0
0
0
0
0
0
0
0
0
0
0
0
0
0
0
0
0
0
0
0
0
0
0
0
0
0
0
0
0
0
0
0
0
0
0
0
0
0
0
0
0
0
0
0
0
0
0
0
0
0
0
0
0
0
0
0
0
0
0
0
0
0
0
0
0
0
0
0
0
0
0
0
0
0
0
0
0
0
0
0
0
0
0
0
0
0
0
0
0
0
0
0
0
0
0
0
0
0
0
0
0
0
0
0
0
0
0
0
0
0
0
0
0
0
0
0
0
0
0
0
0
0
0
0
0
0
0
0
0
0
0
0
0
0
0
0
0
0
0
0
0
0
0
0
0
0
0
0
0
0
0
0
0
0
0
0
0
0
0
0
0
0
0
0
0
0
0
0
0
0
0
0
0
0
0
0
0
0
0
0
0
0
0
0
0
0
0
0
0
0
0
0
0
0
0
0
0
0
0
0
0
0
0
0
0
0
0
0
0
0
0
0
0
0
0
0
0
0
0
0
0
0
0
0
0
0
0
0
0
0
0
0
0
0
0
0
0
0
0
0
0
0
0
0
0
0
0
0
0
0
0
0
0
0
0
0
0
0
0
0
0
0
0
0
0
0
0
0
0
0
0
0
0
0
0
0
0
0
0
0
0
0
0
0
0
0
0
0
0
0
0
0
0
0
0
0
0
0
0
0
0
0
0
0
0
0
0
0
0
0
0
0
0
0
0
0
0
0
0
0
0
0
0
0
0
0
0
0
0
0
0
0
0
0
0
0
0
0
0
0
0
0
0
0
0
0
0
0
0
0
0
0
0
0
0
0
0
0
0
0
0
0
0
0
0
0
0
0
0
0
0
0
0
0
0
0
0
0
0
0
0
0
0
0
0
0
0
0
0
0
0
0
0
0
0
0
0
0
0
0
0
0
0
0
0
0
0
0
0
0
0
0
0
0
0
0
0
0
0
0
0
0
0
0
0
0
0
0
0
0
0
0
0
0
0
0
0
0
0
0
0
0
0
0
0
0
0
0
0
0
0
0
0
0
0
0
0
0
0
0
0
0
0
0
0
0
0
0
0
0
0
0
0
0
0
0
0
0
0
0
0
0
0
0
0
0
0
0
0
0
0
0
0
0
0
0
0
0
0
0
0
0
0
0
0
0
0
0
0
0
0
0
0
0
0
0
0
0
0
0
0
0
0
0
0
0
0
0
0
0
0
0
0
0
0
0
0
0
0
0
0
0
0
0
0
0
0
0
0
0
0
0
0
0
0
0
0
0
0
0
0
0
0
0
0
0
0
0
0
0
0
0
0
0
0
0
0
0
0
0
0
0
0
0
0
0
0
0
0
0
0
0
0
0
0
0
0
0
0
0
0
0
0
0
0
0
0
0
0
0
0
0
0
0
0
0
0
0
0
0
0
0
0
0
0
0
0
0
0
0
0
0
0
0
0
0
0
0
0
0
0
0
0
0
0
0
0
0
0
0
0
0
0
0
0
0
0
0
0
0
0
0
0
0
0
0
0
0
0
0
0
0
0
0
0
0
0
0
0
0
0
0
0
0
0
0
0
0
0
0
0
0
0
0
0
0
0
0
0
0
0
0
0
0
0
0
0
0
0
0
0
0
0
0
0
0
0
0
0
0
0
0
0
0
0
0
0
0
0
0
0
0
0
0
0
0
0
0
0
0
0
0
0
0
0
0
0
0
0
0
0
0
