2315095537539358752
2315095537539358720
2315095537537253376
2315095537537253376
2315094438027730976
2315094438027730944
2315094438025625600
2315094438025625600
2315092239004475424
2315092239004475392
2315092239002370048
2315092239002370048
2315092239004475424
2315092239004475392
2315092239002370048
2315092239002370048
2315087840957964320
2315087840957964288
2315087840955858944
2315087840955858944
2315087840957964320
2315087840957964288
2315087840955858944
2315087840955858944
2315087840957964320
2315087840957964288
2315087840955858944
2315087840955858944
2315087840957964320
2315087840957964288
2315087840955858944
2315087840955858944
2315079044864942112
2315079044864942080
2315079044862836736
2315079044862836736
2315079044864942112
2315079044864942080
2315079044862836736
2315079044862836736
2315079044864942112
2315079044864942080
2315079044862836736
2315079044862836736
2315079044864942112
2315079044864942080
2315079044862836736
2315079044862836736
2315079044864942112
2315079044864942080
2315079044862836736
2315079044862836736
2315079044864942112
2315079044864942080
2315079044862836736
2315079044862836736
2315079044864942112
2315079044864942080
2315079044862836736
2315079044862836736
2315079044864942112
2315079044864942080
2315079044862836736
2315079044862836736
9252528325664800
9252528325664768
9252528323559424
9252528323559424
9251428814037024
9251428814036992
9251428811931648
9251428811931648
9249229790781472
9249229790781440
9249229788676096
9249229788676096
9249229790781472
9249229790781440
9249229788676096
9249229788676096
9244831744270368
9244831744270336
9244831742164992
9244831742164992
9244831744270368
9244831744270336
9244831742164992
9244831742164992
9244831744270368
9244831744270336
9244831742164992
9244831742164992
9244831744270368
9244831744270336
9244831742164992
9244831742164992
9236035651248160
9236035651248128
9236035649142784
9236035649142784
9236035651248160
9236035651248128
9236035649142784
9236035649142784
9236035651248160
9236035651248128
9236035649142784
9236035649142784
9236035651248160
9236035651248128
9236035649142784
9236035649142784
9236035651248160
9236035651248128
9236035649142784
9236035649142784
9236035651248160
9236035651248128
9236035649142784
9236035649142784
9236035651248160
9236035651248128
9236035649142784
9236035649142784
9236035651248160
9236035651248128
9236035649142784
9236035649142784
2314954800051003424
2314954800051003392
2314954800048898048
2314954800048898048
2314953700539375648
2314953700539375616
2314953700537270272
2314953700537270272
2314951501516120096
2314951501516120064
2314951501514014720
2314951501514014720
2314951501516120096
2314951501516120064
2314951501514014720
2314951501514014720
2314947103469608992
2314947103469608960
2314947103467503616
2314947103467503616
2314947103469608992
2314947103469608960
2314947103467503616
2314947103467503616
2314947103469608992
2314947103469608960
2314947103467503616
2314947103467503616
2314947103469608992
2314947103469608960
2314947103467503616
2314947103467503616
2314938307376586784
2314938307376586752
2314938307374481408
2314938307374481408
2314938307376586784
2314938307376586752
2314938307374481408
2314938307374481408
2314938307376586784
2314938307376586752
2314938307374481408
2314938307374481408
2314938307376586784
2314938307376586752
2314938307374481408
2314938307374481408
2314938307376586784
2314938307376586752
2314938307374481408
2314938307374481408
2314938307376586784
2314938307376586752
2314938307374481408
2314938307374481408
2314938307376586784
2314938307376586752
2314938307374481408
2314938307374481408
2314938307376586784
2314938307376586752
2314938307374481408
2314938307374481408
9111790837309472
9111790837309440
9111790835204096
9111790835204096
9110691325681696
9110691325681664
9110691323576320
9110691323576320
9108492302426144
9108492302426112
9108492300320768
9108492300320768
9108492302426144
9108492302426112
9108492300320768
9108492300320768
9104094255915040
9104094255915008
9104094253809664
9104094253809664
9104094255915040
9104094255915008
9104094253809664
9104094253809664
9104094255915040
9104094255915008
9104094253809664
9104094253809664
9104094255915040
9104094255915008
9104094253809664
9104094253809664
9095298162892832
9095298162892800
9095298160787456
9095298160787456
9095298162892832
9095298162892800
9095298160787456
9095298160787456
9095298162892832
9095298162892800
9095298160787456
9095298160787456
9095298162892832
9095298162892800
9095298160787456
9095298160787456
9095298162892832
9095298162892800
9095298160787456
9095298160787456
9095298162892832
9095298162892800
9095298160787456
9095298160787456
9095298162892832
9095298162892800
9095298160787456
9095298160787456
9095298162892832
9095298162892800
9095298160787456
9095298160787456
2315095537539350528
2315095537539350528
2315095537537253376
2315095537537253376
2315094438027722752
2315094438027722752
2315094438025625600
2315094438025625600
2315092239004467200
2315092239004467200
2315092239002370048
2315092239002370048
2315092239004467200
2315092239004467200
2315092239002370048
2315092239002370048
2315087840957956096
2315087840957956096
2315087840955858944
2315087840955858944
2315087840957956096
2315087840957956096
2315087840955858944
2315087840955858944
2315087840957956096
2315087840957956096
2315087840955858944
2315087840955858944
2315087840957956096
2315087840957956096
2315087840955858944
2315087840955858944
2315079044864933888
2315079044864933888
2315079044862836736
2315079044862836736
2315079044864933888
2315079044864933888
2315079044862836736
2315079044862836736
2315079044864933888
2315079044864933888
2315079044862836736
2315079044862836736
2315079044864933888
2315079044864933888
2315079044862836736
2315079044862836736
2315079044864933888
2315079044864933888
2315079044862836736
2315079044862836736
2315079044864933888
2315079044864933888
2315079044862836736
2315079044862836736
2315079044864933888
2315079044864933888
2315079044862836736
2315079044862836736
2315079044864933888
2315079044864933888
2315079044862836736
2315079044862836736
9252528325656576
9252528325656576
9252528323559424
9252528323559424
9251428814028800
9251428814028800
9251428811931648
9251428811931648
9249229790773248
9249229790773248
9249229788676096
9249229788676096
9249229790773248
9249229790773248
9249229788676096
9249229788676096
9244831744262144
9244831744262144
9244831742164992
9244831742164992
9244831744262144
9244831744262144
9244831742164992
9244831742164992
9244831744262144
9244831744262144
9244831742164992
9244831742164992
9244831744262144
9244831744262144
9244831742164992
9244831742164992
9236035651239936
9236035651239936
9236035649142784
9236035649142784
9236035651239936
9236035651239936
9236035649142784
9236035649142784
9236035651239936
9236035651239936
9236035649142784
9236035649142784
9236035651239936
9236035651239936
9236035649142784
9236035649142784
9236035651239936
9236035651239936
9236035649142784
9236035649142784
9236035651239936
9236035651239936
9236035649142784
9236035649142784
9236035651239936
9236035651239936
9236035649142784
9236035649142784
9236035651239936
9236035651239936
9236035649142784
9236035649142784
2314954800050995200
2314954800050995200
2314954800048898048
2314954800048898048
2314953700539367424
2314953700539367424
2314953700537270272
2314953700537270272
2314951501516111872
2314951501516111872
2314951501514014720
2314951501514014720
2314951501516111872
2314951501516111872
2314951501514014720
2314951501514014720
2314947103469600768
2314947103469600768
2314947103467503616
2314947103467503616
2314947103469600768
2314947103469600768
2314947103467503616
2314947103467503616
2314947103469600768
2314947103469600768
2314947103467503616
2314947103467503616
2314947103469600768
2314947103469600768
2314947103467503616
2314947103467503616
2314938307376578560
2314938307376578560
2314938307374481408
2314938307374481408
2314938307376578560
2314938307376578560
2314938307374481408
2314938307374481408
2314938307376578560
2314938307376578560
2314938307374481408
2314938307374481408
2314938307376578560
2314938307376578560
2314938307374481408
2314938307374481408
2314938307376578560
2314938307376578560
2314938307374481408
2314938307374481408
2314938307376578560
2314938307376578560
2314938307374481408
2314938307374481408
2314938307376578560
2314938307376578560
2314938307374481408
2314938307374481408
2314938307376578560
2314938307376578560
2314938307374481408
2314938307374481408
9111790837301248
9111790837301248
9111790835204096
9111790835204096
9110691325673472
9110691325673472
9110691323576320
9110691323576320
9108492302417920
9108492302417920
9108492300320768
9108492300320768
9108492302417920
9108492302417920
9108492300320768
9108492300320768
9104094255906816
9104094255906816
9104094253809664
9104094253809664
9104094255906816
9104094255906816
9104094253809664
9104094253809664
9104094255906816
9104094255906816
9104094253809664
9104094253809664
9104094255906816
9104094255906816
9104094253809664
9104094253809664
9095298162884608
9095298162884608
9095298160787456
9095298160787456
9095298162884608
9095298162884608
9095298160787456
9095298160787456
9095298162884608
9095298162884608
9095298160787456
9095298160787456
9095298162884608
9095298162884608
9095298160787456
9095298160787456
9095298162884608
9095298162884608
9095298160787456
9095298160787456
9095298162884608
9095298162884608
9095298160787456
9095298160787456
9095298162884608
9095298162884608
9095298160787456
9095298160787456
9095298162884608
9095298162884608
9095298160787456
9095298160787456
2315095537000382464
2315095537000382464
2315095537000382464
2315095537000382464
2315094437488754688
2315094437488754688
2315094437488754688
2315094437488754688
2315092238465499136
2315092238465499136
2315092238465499136
2315092238465499136
2315092238465499136
2315092238465499136
2315092238465499136
2315092238465499136
2315087840418988032
2315087840418988032
2315087840418988032
2315087840418988032
2315087840418988032
2315087840418988032
2315087840418988032
2315087840418988032
2315087840418988032
2315087840418988032
2315087840418988032
2315087840418988032
2315087840418988032
2315087840418988032
2315087840418988032
2315087840418988032
2315079044325965824
2315079044325965824
2315079044325965824
2315079044325965824
2315079044325965824
2315079044325965824
2315079044325965824
2315079044325965824
2315079044325965824
2315079044325965824
2315079044325965824
2315079044325965824
2315079044325965824
2315079044325965824
2315079044325965824
2315079044325965824
2315079044325965824
2315079044325965824
2315079044325965824
2315079044325965824
2315079044325965824
2315079044325965824
2315079044325965824
2315079044325965824
2315079044325965824
2315079044325965824
2315079044325965824
2315079044325965824
2315079044325965824
2315079044325965824
2315079044325965824
2315079044325965824
9252527786688512
9252527786688512
9252527786688512
9252527786688512
9251428275060736
9251428275060736
9251428275060736
9251428275060736
9249229251805184
9249229251805184
9249229251805184
9249229251805184
9249229251805184
9249229251805184
9249229251805184
9249229251805184
9244831205294080
9244831205294080
9244831205294080
9244831205294080
9244831205294080
9244831205294080
9244831205294080
9244831205294080
9244831205294080
9244831205294080
9244831205294080
9244831205294080
9244831205294080
9244831205294080
9244831205294080
9244831205294080
9236035112271872
9236035112271872
9236035112271872
9236035112271872
9236035112271872
9236035112271872
9236035112271872
9236035112271872
9236035112271872
9236035112271872
9236035112271872
9236035112271872
9236035112271872
9236035112271872
9236035112271872
9236035112271872
9236035112271872
9236035112271872
9236035112271872
9236035112271872
9236035112271872
9236035112271872
9236035112271872
9236035112271872
9236035112271872
9236035112271872
9236035112271872
9236035112271872
9236035112271872
9236035112271872
9236035112271872
9236035112271872
2314954799512027136
2314954799512027136
2314954799512027136
2314954799512027136
2314953700000399360
2314953700000399360
2314953700000399360
2314953700000399360
2314951500977143808
2314951500977143808
2314951500977143808
2314951500977143808
2314951500977143808
2314951500977143808
2314951500977143808
2314951500977143808
2314947102930632704
2314947102930632704
2314947102930632704
2314947102930632704
2314947102930632704
2314947102930632704
2314947102930632704
2314947102930632704
2314947102930632704
2314947102930632704
2314947102930632704
2314947102930632704
2314947102930632704
2314947102930632704
2314947102930632704
2314947102930632704
2314938306837610496
2314938306837610496
2314938306837610496
2314938306837610496
2314938306837610496
2314938306837610496
2314938306837610496
2314938306837610496
2314938306837610496
2314938306837610496
2314938306837610496
2314938306837610496
2314938306837610496
2314938306837610496
2314938306837610496
2314938306837610496
2314938306837610496
2314938306837610496
2314938306837610496
2314938306837610496
2314938306837610496
2314938306837610496
2314938306837610496
2314938306837610496
2314938306837610496
2314938306837610496
2314938306837610496
2314938306837610496
2314938306837610496
2314938306837610496
2314938306837610496
2314938306837610496
9111790298333184
9111790298333184
9111790298333184
9111790298333184
9110690786705408
9110690786705408
9110690786705408
9110690786705408
9108491763449856
9108491763449856
9108491763449856
9108491763449856
9108491763449856
9108491763449856
9108491763449856
9108491763449856
9104093716938752
9104093716938752
9104093716938752
9104093716938752
9104093716938752
9104093716938752
9104093716938752
9104093716938752
9104093716938752
9104093716938752
9104093716938752
9104093716938752
9104093716938752
9104093716938752
9104093716938752
9104093716938752
9095297623916544
9095297623916544
9095297623916544
9095297623916544
9095297623916544
9095297623916544
9095297623916544
9095297623916544
9095297623916544
9095297623916544
9095297623916544
9095297623916544
9095297623916544
9095297623916544
9095297623916544
9095297623916544
9095297623916544
9095297623916544
9095297623916544
9095297623916544
9095297623916544
9095297623916544
9095297623916544
9095297623916544
9095297623916544
9095297623916544
9095297623916544
9095297623916544
9095297623916544
9095297623916544
9095297623916544
9095297623916544
2315095537000382464
2315095537000382464
2315095537000382464
2315095537000382464
2315094437488754688
2315094437488754688
2315094437488754688
2315094437488754688
2315092238465499136
2315092238465499136
2315092238465499136
2315092238465499136
2315092238465499136
2315092238465499136
2315092238465499136
2315092238465499136
2315087840418988032
2315087840418988032
2315087840418988032
2315087840418988032
2315087840418988032
2315087840418988032
2315087840418988032
2315087840418988032
2315087840418988032
2315087840418988032
2315087840418988032
2315087840418988032
2315087840418988032
2315087840418988032
2315087840418988032
2315087840418988032
2315079044325965824
2315079044325965824
2315079044325965824
2315079044325965824
2315079044325965824
2315079044325965824
2315079044325965824
2315079044325965824
2315079044325965824
2315079044325965824
2315079044325965824
2315079044325965824
2315079044325965824
2315079044325965824
2315079044325965824
2315079044325965824
2315079044325965824
2315079044325965824
2315079044325965824
2315079044325965824
2315079044325965824
2315079044325965824
2315079044325965824
2315079044325965824
2315079044325965824
2315079044325965824
2315079044325965824
2315079044325965824
2315079044325965824
2315079044325965824
2315079044325965824
2315079044325965824
9252527786688512
9252527786688512
9252527786688512
9252527786688512
9251428275060736
9251428275060736
9251428275060736
9251428275060736
9249229251805184
9249229251805184
9249229251805184
9249229251805184
9249229251805184
9249229251805184
9249229251805184
9249229251805184
9244831205294080
9244831205294080
9244831205294080
9244831205294080
9244831205294080
9244831205294080
9244831205294080
9244831205294080
9244831205294080
9244831205294080
9244831205294080
9244831205294080
9244831205294080
9244831205294080
9244831205294080
9244831205294080
9236035112271872
9236035112271872
9236035112271872
9236035112271872
9236035112271872
9236035112271872
9236035112271872
9236035112271872
9236035112271872
9236035112271872
9236035112271872
9236035112271872
9236035112271872
9236035112271872
9236035112271872
9236035112271872
9236035112271872
9236035112271872
9236035112271872
9236035112271872
9236035112271872
9236035112271872
9236035112271872
9236035112271872
9236035112271872
9236035112271872
9236035112271872
9236035112271872
9236035112271872
9236035112271872
9236035112271872
9236035112271872
2314954799512027136
2314954799512027136
2314954799512027136
2314954799512027136
2314953700000399360
2314953700000399360
2314953700000399360
2314953700000399360
2314951500977143808
2314951500977143808
2314951500977143808
2314951500977143808
2314951500977143808
2314951500977143808
2314951500977143808
2314951500977143808
2314947102930632704
2314947102930632704
2314947102930632704
2314947102930632704
2314947102930632704
2314947102930632704
2314947102930632704
2314947102930632704
2314947102930632704
2314947102930632704
2314947102930632704
2314947102930632704
2314947102930632704
2314947102930632704
2314947102930632704
2314947102930632704
2314938306837610496
2314938306837610496
2314938306837610496
2314938306837610496
2314938306837610496
2314938306837610496
2314938306837610496
2314938306837610496
2314938306837610496
2314938306837610496
2314938306837610496
2314938306837610496
2314938306837610496
2314938306837610496
2314938306837610496
2314938306837610496
2314938306837610496
2314938306837610496
2314938306837610496
2314938306837610496
2314938306837610496
2314938306837610496
2314938306837610496
2314938306837610496
2314938306837610496
2314938306837610496
2314938306837610496
2314938306837610496
2314938306837610496
2314938306837610496
2314938306837610496
2314938306837610496
9111790298333184
9111790298333184
9111790298333184
9111790298333184
9110690786705408
9110690786705408
9110690786705408
9110690786705408
9108491763449856
9108491763449856
9108491763449856
9108491763449856
9108491763449856
9108491763449856
9108491763449856
9108491763449856
9104093716938752
9104093716938752
9104093716938752
9104093716938752
9104093716938752
9104093716938752
9104093716938752
9104093716938752
9104093716938752
9104093716938752
9104093716938752
9104093716938752
9104093716938752
9104093716938752
9104093716938752
9104093716938752
9095297623916544
9095297623916544
9095297623916544
9095297623916544
9095297623916544
9095297623916544
9095297623916544
9095297623916544
9095297623916544
9095297623916544
9095297623916544
9095297623916544
9095297623916544
9095297623916544
9095297623916544
9095297623916544
9095297623916544
9095297623916544
9095297623916544
9095297623916544
9095297623916544
9095297623916544
9095297623916544
9095297623916544
9095297623916544
9095297623916544
9095297623916544
9095297623916544
9095297623916544
9095297623916544
9095297623916544
9095297623916544
0
0
0
0
0
0
0
0
0
0
0
0
0
0
0
0
0
0
0
0
0
0
0
0
0
0
0
0
0
0
0
0
0
0
0
0
0
0
0
0
0
0
0
0
0
0
0
0
0
0
0
0
0
0
0
0
0
0
0
0
0
0
0
0
0
0
0
0
0
0
0
0
0
0
0
0
0
0
0
0
0
0
0
0
0
0
0
0
0
0
0
0
0
0
0
0
0
0
0
0
0
0
0
0
0
0
0
0
0
0
0
0
0
0
0
0
0
0
0
0
0
0
0
0
0
0
0
0
0
0
0
0
0
0
0
0
0
0
0
0
0
0
0
0
0
0
0
0
0
0
0
0
0
0
0
0
0
0
0
0
0
0
0
0
0
0
0
0
0
0
0
0
0
0
0
0
0
0
0
0
0
0
0
0
0
0
0
0
0
0
0
0
0
0
0
0
0
0
0
0
0
0
0
0
0
0
0
0
0
0
0
0
0
0
0
0
0
0
0
0
0
0
0
0
0
0
0
0
0
0
0
0
0
0
0
0
0
0
0
0
0
0
0
0
0
0
0
0
0
0
0
0
0
0
0
0
0
0
0
0
0
0
0
0
0
0
0
0
0
0
0
0
0
0
0
0
0
0
0
0
0
0
0
0
0
0
0
0
0
0
0
0
0
0
0
0
0
0
0
0
0
0
0
0
0
0
0
0
0
0
0
0
0
0
0
0
0
0
0
0
0
0
0
0
0
0
0
0
0
0
0
0
0
0
0
0
0
0
0
0
0
0
0
0
0
0
0
0
0
0
0
0
0
0
0
0
0
0
0
0
0
0
0
0
0
0
0
0
0
0
0
0
0
0
0
0
0
0
0
0
0
0
0
0
0
0
0
0
0
0
0
0
0
0
0
0
0
0
0
0
0
0
0
0
0
0
0
0
0
0
0
0
0
0
0
0
0
0
0
0
0
0
0
0
0
0
0
0
0
0
0
0
0
0
0
0
0
0
0
0
0
0
0
0
0
0
0
0
0
0
0
0
0
0
0
0
0
0
0
0
0
0
0
0
0
0
0
0
0
0
0
0
0
0
0
0
0
0
0
0
0
0
0
0
0
0
0
0
0
0
0
0
0
0
0
0
0
0
0
0
0
0
0
0
0
0
0
0
0
0
0
0
0
0
0
0
0
0
0
0
0
0
0
0
0
0
0
0
0
0
0
0
0
0
0
0
0
0
0
0
0
0
0
0
0
0
0
0
0
0
0
0
0
0
0
0
0
0
0
0
0
0
0
0
0
0
0
0
0
0
0
0
0
0
0
0
0
0
0
0
0
0
0
0
0
0
0
0
0
0
0
0
0
0
0
0
0
0
0
0
0
0
0
0
0
0
0
0
0
0
0
0
0
0
0
0
0
0
0
0
0
0
0
0
0
0
0
0
0
0
0
0
0
0
0
0
0
0
0
0
0
0
0
0
0
0
0
0
0
0
0
0
0
0
0
0
0
0
0
0
0
0
0
0
0
0
0
0
0
0
0
0
0
0
0
0
0
0
0
0
0
0
0
0
0
0
0
0
0
0
0
0
0
0
0
0
0
0
0
0
0
0
0
0
0
0
0
0
0
0
0
0
0
0
0
0
0
0
0
0
0
0
0
0
0
0
0
0
0
0
0
0
0
0
0
0
0
0
0
0
0
0
0
0
0
0
0
0
0
0
0
0
0
0
0
0
0
0
0
0
0
0
0
0
0
0
0
0
0
0
0
0
0
0
0
0
0
0
0
0
0
0
0
0
0
0
0
0
0
0
0
0
0
0
0
0
0
0
0
0
0
0
0
0
0
0
0
0
0
0
0
0
0
0
0
0
0
0
0
0
0
0
0
0
0
0
0
0
0
0
0
0
0
0
0
0
0
0
0
0
0
0
0
0
0
0
0
0
0
0
0
0
0
0
0
0
0
0
0
0
0
0
0
0
0
0
0
0
0
0
0
0
0
0
0
0
0
0
0
0
0
0
0
0
0
0
0
0
0
0
0
0
0
0
0
0
0
0
0
0
0
0
0
0
0
0
0
0
0
0
0
0
0
0
0
0
0
0
0
0
0
0
0
0
0
0
0
0
0
0
0
0
0
0
0
0
0
0
0
0
0
0
0
0
0
0
0
0
0
0
0
0
0
0
0
0
0
0
0
0
0
0
0
0
0
0
0
0
0
0
0
0
0
0
0
0
0
0
0
0
0
0
0
0
0
0
0
0
0
0
0
0
0
0
0
0
0
0
0
0
0
0
0
0
0
0
0
0
0
0
0
0
0
0
0
0
0
0
0
0
0
0
0
0
0
0
0
0
0
0
0
0
0
0
0
0
0
0
0
0
0
0
0
0
0
0
0
0
0
0
0
0
0
0
0
0
0
0
0
0
0
0
0
0
0
0
0
0
0
0
0
0
0
0
0
0
0
0
0
0
0
0
0
0
0
0
0
0
0
0
0
0
0
0
0
0
0
0
0
0
0
0
0
0
0
0
0
0
0
0
0
0
0
0
0
0
0
0
0
0
0
0
0
0
0
0
0
0
0
0
0
0
0
0
0
0
0
0
0
0
0
0
0
0
0
0
0
0
0
0
0
0
0
0
0
0
0
0
0
0
0
0
0
0
0
0
0
0
0
0
0
0
0
0
0
0
0
0
0
0
0
0
0
0
0
0
0
0
0
0
0
0
0
0
0
0
0
0
0
0
0
0
0
0
0
0
0
0
0
0
0
0
0
0
0
0
0
0
0
0
0
0
0
0
0
0
0
0
0
0
0
0
0
0
0
0
0
0
0
0
0
0
0
0
0
0
0
0
0
0
0
0
0
0
0
0
0
0
0
0
0
0
0
0
0
0
0
0
0
0
0
0
0
0
0
0
0
0
0
0
0
0
0
0
0
0
0
0
0
0
0
0
0
0
0
0
0
0
0
0
0
0
0
0
0
0
0
0
0
0
0
0
0
0
0
0
0
0
0
0
0
0
0
0
0
0
0
0
0
0
0
0
0
0
0
0
0
0
0
0
0
0
0
0
0
0
0
0
0
0
0
0
0
0
0
0
0
0
0
0
0
0
0
0
0
0
0
0
0
0
0
0
0
0
0
0
0
0
0
0
0
0
0
0
0
0
0
0
0
0
0
0
0
0
0
0
0
0
0
0
0
0
0
0
0
0
0
0
0
0
0
0
0
0
0
0
0
0
0
0
0
0
0
0
0
0
0
0
0
0
0
0
0
0
0
0
0
0
0
0
0
0
0
0
0
0
0
0
0
0
0
0
0
0
0
0
0
0
0
0
0
0
0
0
0
0
0
0
0
0
0
0
0
0
0
0
0
0
0
0
0
0
0
0
0
0
0
0
0
0
0
0
0
0
0
0
0
0
0
0
0
0
0
0
0
0
0
0
0
0
0
0
0
0
0
0
0
0
0
0
0
0
0
0
0
0
0
0
0
0
0
0
0
0
0
0
0
0
0
0
0
0
0
0
0
0
0
0
0
0
0
0
0
0
0
0
0
0
0
0
0
0
0
0
0
0
0
0
0
0
0
0
0
0
0
0
0
0
0
0
0
0
0
0
0
0
0
0
0
0
0
0
0
0
0
0
0
0
0
0
0
0
0
0
0
0
0
0
0
0
0
0
0
0
0
0
0
0
0
0
0
0
0
0
0
0
0
0
0
0
0
0
0
0
0
0
0
0
0
0
0
0
0
0
0
0
0
0
0
0
0
0
0
0
0
0
0
0
0
0
0
0
0
0
0
0
0
0
0
0
0
0
0
0
0
0
0
0
0
0
0
0
0
0
0
0
0
0
0
0
0
0
0
0
0
0
0
0
0
0
0
0
0
0
0
0
0
0
0
0
0
0
0
0
0
0
0
0
0
0
0
0
0
0
0
0
0
0
0
0
0
0
0
0
0
0
0
0
0
0
0
0
0
0
0
0
0
0
0
0
0
0
0
0
0
0
0
0
0
0
0
0
0
0
0
0
0
0
0
0
0
0
0
0
0
0
0
0
0
0
0
0
0
0
0
0
0
0
0
0
0
0
0
0
0
0
0
0
0
0
0
0
0
0
0
0
0
0
0
0
0
0
0
0
0
0
0
0
0
0
0
0
0
0
0
0
0
0
0
0
0
0
0
0
0
0
0
0
0
0
0
0
0
0
0
0
0
0
0
0
0
0
0
0
0
0
0
0
0
0
0
0
0
0
0
0
0
0
0
0
0
0
0
0
0
0
0
0
0
0
0
0
0
0
0
0
0
0
0
0
0
0
0
0
0
0
0
0
0
0
0
0
0
0
0
0
0
0
0
0
0
0
0
0
0
0
0
0
0
0
0
0
0
0
0
0
0
0
0
0
0
0
0
0
0
0
0
0
0
0
0
0
0
0
0
0
0
0
0
0
0
0
0
0
0
0
0
0
0
0
0
0
0
0
0
0
0
0
0
0
0
0
0
0
0
0
0
0
0
0
0
0
0
0
0
0
0
0
0
0
0
0
0
0
0
0
0
0
0
0
0
0
0
0
0
0
0
0
0
0
0
0
0
0
0
0
0
0
0
0
0
0
0
0
0
0
0
0
0
0
0
0
0
0
0
0
0
0
0
0
0
0
0
0
0
0
0
0
0
0
0
0
0
0
0
0
0
0
0
0
0
0
0
0
0
0
0
0
0
0
0
0
0
0
0
0
0
0
0
0
0
0
0
0
0
0
0
0
0
0
0
0
0
0
0
0
0
0
0
0
0
0
0
0
0
0
0
0
0
0
0
0
0
0
0
0
0
0
0
0
0
0
0
0
0
0
0
0
0
0
0
0
0
0
0
0
0
0
0
0
0
0
0
0
0
0
0
0
0
0
0
0
0
0
0
0
0
0
0
0
0
0
0
0
0
0
0
0
0
0
0
0
0
0
0
0
0
0
0
0
0
0
0
0
0
0
0
0
0
0
0
0
0
0
0
0
0
0
0
0
0
0
0
0
0
0
0
0
0
0
0
0
0
0
0
0
0
0
0
0
0
0
0
0
0
0
0
0
0
0
0
0
0
0
0
0
0
0
0
0
0
0
0
0
0
0
0
0
0
0
0
0
0
0
0
0
0
0
0
0
0
0
0
0
0
0
0
0
0
0
0
0
0
0
0
0
0
0
0
0
0
0
0
0
0
0
0
0
0
0
0
0
0
0
0
0
0
0
0
0
0
0
0
0
0
0
0
0
0
0
0
0
0
0
0
0
0
0
0
0
0
0
0
0
0
0
0
0
0
0
0
0
0
0
0
0
0
0
0
0
0
0
0
0
0
0
0
0
0
0
0
0
0
0
0
0
0
0
0
0
0
0
0
0
0
0
0
0
0
0
0
0
0
0
0
0
0
0
0
0
0
0
0
0
0
0
0
0
0
0
0
0
0
0
0
0
0
0
0
0
0
0
0
0
0
0
0
0
0
0
0
0
0
0
0
0
0
0
0
0
0
0
0
0
0
0
0
0
0
0
0
0
0
0
0
0
0
0
0
0
0
0
0
0
0
0
0
0
0
0
0
0
0
0
0
0
0
0
0
0
0
0
0
0
0
0
0
0
0
0
0
0
0
0
0
0
0
0
0
0
0
0
0
0
0
0
0
0
0
0
0
0
0
0
0
0
0
0
0
0
0
0
0
0
0
0
0
0
0
0
0
0
0
0
0
0
0
0
0
0
0
0
0
0
0
0
0
0
0
0
0
0
0
0
0
0
0
0
0
0
0
0
0
0
0
0
0
0
0
0
0
0
0
0
0
0
0
0
0
0
0
0
0
0
0
0
0
0
0
0
0
0
0
0
0
0
0
0
0
0
0
0
0
0
0
0
0
0
0
0
0
0
0
0
0
0
0
0
0
0
0
0
0
0
0
0
0
0
0
0
0
0
0
0
0
0
0
0
0
0
0
0
0
0
0
0
0
0
0
0
0
0
0
0
0
0
0
0
0
0
0
0
0
0
0
0
0
0
0
0
0
0
0
0
0
0
0
0
0
0
0
0
0
0
0
0
0
0
0
0
0
0
0
0
0
0
0
0
0
0
0
0
0
0
0
0
0
0
0
0
0
0
0
0
0
0
0
0
0
0
0
0
0
0
0
0
0
0
0
0
0
0
0
0
0
0
0
0
0
0
0
0
0
0
0
0
0
0
0
0
0
0
0
0
0
0
0
0
0
0
0
0
0
0
0
0
0
0
0
0
0
0
0
0
0
0
0
0
0
0
0
0
0
0
0
0
0
0
0
0
0
0
0
0
0
0
0
0
0
0
0
0
0
0
0
0
0
0
0
0
0
0
0
0
0
0
0
0
0
0
0
0
0
0
0
0
0
0
0
0
0
0
0
0
0
0
0
0
0
0
0
0
0
0
0
0
0
0
0
0
0
0
0
0
0
0
0
0
0
0
0
0
0
0
0
0
0
0
0
0
0
0
0
0
0
0
0
0
0
0
0
0
0
0
0
0
0
0
0
0
0
0
0
0
0
0
0
0
0
0
0
0
0
0
0
0
0
0
0
0
0
0
0
0
0
0
0
0
0
0
0
0
0
0
0
0
0
0
0
0
0
0
0
0
0
0
0
0
0
0
0
0
0
0
0
0
0
0
0
0
0
0
0
0
0
0
0
0
0
0
0
0
0
0
0
0
0
0
0
0
0
0
0
0
0
0
0
0
0
0
0
0
0
0
0
0
0
0
0
0
0
0
0
0
0
0
0
0
0
0
0
0
0
0
0
0
0
0
0
0
0
0
0
0
0
0
0
0
0
0
0
0
0
0
0
0
0
0
0
0
0
0
0
0
0
0
0
0
0
0
0
0
0
0
0
0
0
0
0
0
0
0
0
0
0
0
0
0
0
0
0
0
0
0
0
0
0
0
0
0
0
0
0
0
0
0
0
0
0
0
0
0
0
0
0
0
0
0
0
0
0
0
