578721382704613623
2295
526455
2167
34494482679
2295
526455
2167
578721382704613622
2294
526454
2166
34494482678
2294
526454
2166
578721382704613620
2292
526452
2164
34494482676
2292
526452
2164
578721382704613620
2292
526452
2164
34494482676
2292
526452
2164
2260630401190135
2295
526455
2167
34494482679
2295
526455
2167
2260630401190134
2294
526454
2166
34494482678
2294
526454
2166
2260630401190132
2292
526452
2164
34494482676
2292
526452
2164
2260630401190132
2292
526452
2164
34494482676
2292
526452
2164
578721382704613399
2071
526359
2071
34494482455
2071
526359
2071
578721382704613398
2070
526358
2070
34494482454
2070
526358
2070
578721382704613396
2068
526356
2068
34494482452
2068
526356
2068
578721382704613396
2068
526356
2068
34494482452
2068
526356
2068
2260630401189911
2071
526359
2071
34494482455
2071
526359
2071
2260630401189910
2070
526358
2070
34494482454
2070
526358
2070
2260630401189908
2068
526356
2068
34494482452
2068
526356
2068
2260630401189908
2068
526356
2068
34494482452
2068
526356
2068
578721382704613431
2103
526391
2103
34494482487
2103
526391
2103
578721382704613430
2102
526390
2102
34494482486
2102
526390
2102
578721382704613428
2100
526388
2100
34494482484
2100
526388
2100
578721382704613428
2100
526388
2100
34494482484
2100
526388
2100
2260630401189943
2103
526391
2103
34494482487
2103
526391
2103
2260630401189942
2102
526390
2102
34494482486
2102
526390
2102
2260630401189940
2100
526388
2100
34494482484
2100
526388
2100
2260630401189940
2100
526388
2100
34494482484
2100
526388
2100
578721382704613399
2071
526359
2071
34494482455
2071
526359
2071
578721382704613398
2070
526358
2070
34494482454
2070
526358
2070
578721382704613396
2068
526356
2068
34494482452
2068
526356
2068
578721382704613396
2068
526356
2068
34494482452
2068
526356
2068
2260630401189911
2071
526359
2071
34494482455
2071
526359
2071
2260630401189910
2070
526358
2070
34494482454
2070
526358
2070
2260630401189908
2068
526356
2068
34494482452
2068
526356
2068
2260630401189908
2068
526356
2068
34494482452
2068
526356
2068
578721382704613495
2167
526583
2295
34494482551
2167
526583
2295
578721382704613494
2166
526582
2294
34494482550
2166
526582
2294
578721382704613492
2164
526580
2292
34494482548
2164
526580
2292
578721382704613492
2164
526580
2292
34494482548
2164
526580
2292
2260630401190007
2167
526583
2295
34494482551
2167
526583
2295
2260630401190006
2166
526582
2294
34494482550
2166
526582
2294
2260630401190004
2164
526580
2292
34494482548
2164
526580
2292
2260630401190004
2164
526580
2292
34494482548
2164
526580
2292
578721382704613399
2071
526359
2071
34494482455
2071
526359
2071
578721382704613398
2070
526358
2070
34494482454
2070
526358
2070
578721382704613396
2068
526356
2068
34494482452
2068
526356
2068
578721382704613396
2068
526356
2068
34494482452
2068
526356
2068
2260630401189911
2071
526359
2071
34494482455
2071
526359
2071
2260630401189910
2070
526358
2070
34494482454
2070
526358
2070
2260630401189908
2068
526356
2068
34494482452
2068
526356
2068
2260630401189908
2068
526356
2068
34494482452
2068
526356
2068
578721382704613431
2103
526391
2103
34494482487
2103
526391
2103
578721382704613430
2102
526390
2102
34494482486
2102
526390
2102
578721382704613428
2100
526388
2100
34494482484
2100
526388
2100
578721382704613428
2100
526388
2100
34494482484
2100
526388
2100
2260630401189943
2103
526391
2103
34494482487
2103
526391
2103
2260630401189942
2102
526390
2102
34494482486
2102
526390
2102
2260630401189940
2100
526388
2100
34494482484
2100
526388
2100
2260630401189940
2100
526388
2100
34494482484
2100
526388
2100
578721382704613399
2071
526359
2071
34494482455
2071
526359
2071
578721382704613398
2070
526358
2070
34494482454
2070
526358
2070
578721382704613396
2068
526356
2068
34494482452
2068
526356
2068
578721382704613396
2068
526356
2068
34494482452
2068
526356
2068
2260630401189911
2071
526359
2071
34494482455
2071
526359
2071
2260630401189910
2070
526358
2070
34494482454
2070
526358
2070
2260630401189908
2068
526356
2068
34494482452
2068
526356
2068
2260630401189908
2068
526356
2068
34494482452
2068
526356
2068
134744311
2295
526455
2167
134744311
2295
526455
2167
134744310
2294
526454
2166
134744310
2294
526454
2166
134744308
2292
526452
2164
134744308
2292
526452
2164
134744308
2292
526452
2164
134744308
2292
526452
2164
134744311
2295
526455
2167
134744311
2295
526455
2167
134744310
2294
526454
2166
134744310
2294
526454
2166
134744308
2292
526452
2164
134744308
2292
526452
2164
134744308
2292
526452
2164
134744308
2292
526452
2164
134744087
2071
526359
2071
134744087
2071
526359
2071
134744086
2070
526358
2070
134744086
2070
526358
2070
134744084
2068
526356
2068
134744084
2068
526356
2068
134744084
2068
526356
2068
134744084
2068
526356
2068
134744087
2071
526359
2071
134744087
2071
526359
2071
134744086
2070
526358
2070
134744086
2070
526358
2070
134744084
2068
526356
2068
134744084
2068
526356
2068
134744084
2068
526356
2068
134744084
2068
526356
2068
134744119
2103
526391
2103
134744119
2103
526391
2103
134744118
2102
526390
2102
134744118
2102
526390
2102
134744116
2100
526388
2100
134744116
2100
526388
2100
134744116
2100
526388
2100
134744116
2100
526388
2100
134744119
2103
526391
2103
134744119
2103
526391
2103
134744118
2102
526390
2102
134744118
2102
526390
2102
134744116
2100
526388
2100
134744116
2100
526388
2100
134744116
2100
526388
2100
134744116
2100
526388
2100
134744087
2071
526359
2071
134744087
2071
526359
2071
134744086
2070
526358
2070
134744086
2070
526358
2070
134744084
2068
526356
2068
134744084
2068
526356
2068
134744084
2068
526356
2068
134744084
2068
526356
2068
134744087
2071
526359
2071
134744087
2071
526359
2071
134744086
2070
526358
2070
134744086
2070
526358
2070
134744084
2068
526356
2068
134744084
2068
526356
2068
134744084
2068
526356
2068
134744084
2068
526356
2068
134744183
2167
526583
2295
134744183
2167
526583
2295
134744182
2166
526582
2294
134744182
2166
526582
2294
134744180
2164
526580
2292
134744180
2164
526580
2292
134744180
2164
526580
2292
134744180
2164
526580
2292
134744183
2167
526583
2295
134744183
2167
526583
2295
134744182
2166
526582
2294
134744182
2166
526582
2294
134744180
2164
526580
2292
134744180
2164
526580
2292
134744180
2164
526580
2292
134744180
2164
526580
2292
134744087
2071
526359
2071
134744087
2071
526359
2071
134744086
2070
526358
2070
134744086
2070
526358
2070
134744084
2068
526356
2068
134744084
2068
526356
2068
134744084
2068
526356
2068
134744084
2068
526356
2068
134744087
2071
526359
2071
134744087
2071
526359
2071
134744086
2070
526358
2070
134744086
2070
526358
2070
134744084
2068
526356
2068
134744084
2068
526356
2068
134744084
2068
526356
2068
134744084
2068
526356
2068
134744119
2103
526391
2103
134744119
2103
526391
2103
134744118
2102
526390
2102
134744118
2102
526390
2102
134744116
2100
526388
2100
134744116
2100
526388
2100
134744116
2100
526388
2100
134744116
2100
526388
2100
134744119
2103
526391
2103
134744119
2103
526391
2103
134744118
2102
526390
2102
134744118
2102
526390
2102
134744116
2100
526388
2100
134744116
2100
526388
2100
134744116
2100
526388
2100
134744116
2100
526388
2100
134744087
2071
526359
2071
134744087
2071
526359
2071
134744086
2070
526358
2070
134744086
2070
526358
2070
134744084
2068
526356
2068
134744084
2068
526356
2068
134744084
2068
526356
2068
134744084
2068
526356
2068
134744087
2071
526359
2071
134744087
2071
526359
2071
134744086
2070
526358
2070
134744086
2070
526358
2070
134744084
2068
526356
2068
134744084
2068
526356
2068
134744084
2068
526356
2068
134744084
2068
526356
2068
8830587504887
2295
526455
2167
34494482679
2295
526455
2167
8830587504886
2294
526454
2166
34494482678
2294
526454
2166
8830587504884
2292
526452
2164
34494482676
2292
526452
2164
8830587504884
2292
526452
2164
34494482676
2292
526452
2164
8830587504887
2295
526455
2167
34494482679
2295
526455
2167
8830587504886
2294
526454
2166
34494482678
2294
526454
2166
8830587504884
2292
526452
2164
34494482676
2292
526452
2164
8830587504884
2292
526452
2164
34494482676
2292
526452
2164
8830587504663
2071
526359
2071
34494482455
2071
526359
2071
8830587504662
2070
526358
2070
34494482454
2070
526358
2070
8830587504660
2068
526356
2068
34494482452
2068
526356
2068
8830587504660
2068
526356
2068
34494482452
2068
526356
2068
8830587504663
2071
526359
2071
34494482455
2071
526359
2071
8830587504662
2070
526358
2070
34494482454
2070
526358
2070
8830587504660
2068
526356
2068
34494482452
2068
526356
2068
8830587504660
2068
526356
2068
34494482452
2068
526356
2068
8830587504695
2103
526391
2103
34494482487
2103
526391
2103
8830587504694
2102
526390
2102
34494482486
2102
526390
2102
8830587504692
2100
526388
2100
34494482484
2100
526388
2100
8830587504692
2100
526388
2100
34494482484
2100
526388
2100
8830587504695
2103
526391
2103
34494482487
2103
526391
2103
8830587504694
2102
526390
2102
34494482486
2102
526390
2102
8830587504692
2100
526388
2100
34494482484
2100
526388
2100
8830587504692
2100
526388
2100
34494482484
2100
526388
2100
8830587504663
2071
526359
2071
34494482455
2071
526359
2071
8830587504662
2070
526358
2070
34494482454
2070
526358
2070
8830587504660
2068
526356
2068
34494482452
2068
526356
2068
8830587504660
2068
526356
2068
34494482452
2068
526356
2068
8830587504663
2071
526359
2071
34494482455
2071
526359
2071
8830587504662
2070
526358
2070
34494482454
2070
526358
2070
8830587504660
2068
526356
2068
34494482452
2068
526356
2068
8830587504660
2068
526356
2068
34494482452
2068
526356
2068
8830587504759
2167
526583
2295
34494482551
2167
526583
2295
8830587504758
2166
526582
2294
34494482550
2166
526582
2294
8830587504756
2164
526580
2292
34494482548
2164
526580
2292
8830587504756
2164
526580
2292
34494482548
2164
526580
2292
8830587504759
2167
526583
2295
34494482551
2167
526583
2295
8830587504758
2166
526582
2294
34494482550
2166
526582
2294
8830587504756
2164
526580
2292
34494482548
2164
526580
2292
8830587504756
2164
526580
2292
34494482548
2164
526580
2292
8830587504663
2071
526359
2071
34494482455
2071
526359
2071
8830587504662
2070
526358
2070
34494482454
2070
526358
2070
8830587504660
2068
526356
2068
34494482452
2068
526356
2068
8830587504660
2068
526356
2068
34494482452
2068
526356
2068
8830587504663
2071
526359
2071
34494482455
2071
526359
2071
8830587504662
2070
526358
2070
34494482454
2070
526358
2070
8830587504660
2068
526356
2068
34494482452
2068
526356
2068
8830587504660
2068
526356
2068
34494482452
2068
526356
2068
8830587504695
2103
526391
2103
34494482487
2103
526391
2103
8830587504694
2102
526390
2102
34494482486
2102
526390
2102
8830587504692
2100
526388
2100
34494482484
2100
526388
2100
8830587504692
2100
526388
2100
34494482484
2100
526388
2100
8830587504695
2103
526391
2103
34494482487
2103
526391
2103
8830587504694
2102
526390
2102
34494482486
2102
526390
2102
8830587504692
2100
526388
2100
34494482484
2100
526388
2100
8830587504692
2100
526388
2100
34494482484
2100
526388
2100
8830587504663
2071
526359
2071
34494482455
2071
526359
2071
8830587504662
2070
526358
2070
34494482454
2070
526358
2070
8830587504660
2068
526356
2068
34494482452
2068
526356
2068
8830587504660
2068
526356
2068
34494482452
2068
526356
2068
8830587504663
2071
526359
2071
34494482455
2071
526359
2071
8830587504662
2070
526358
2070
34494482454
2070
526358
2070
8830587504660
2068
526356
2068
34494482452
2068
526356
2068
8830587504660
2068
526356
2068
34494482452
2068
526356
2068
134744311
2295
526455
2167
134744311
2295
526455
2167
134744310
2294
526454
2166
134744310
2294
526454
2166
134744308
2292
526452
2164
134744308
2292
526452
2164
134744308
2292
526452
2164
134744308
2292
526452
2164
134744311
2295
526455
2167
134744311
2295
526455
2167
134744310
2294
526454
2166
134744310
2294
526454
2166
134744308
2292
526452
2164
134744308
2292
526452
2164
134744308
2292
526452
2164
134744308
2292
526452
2164
134744087
2071
526359
2071
134744087
2071
526359
2071
134744086
2070
526358
2070
134744086
2070
526358
2070
134744084
2068
526356
2068
134744084
2068
526356
2068
134744084
2068
526356
2068
134744084
2068
526356
2068
134744087
2071
526359
2071
134744087
2071
526359
2071
134744086
2070
526358
2070
134744086
2070
526358
2070
134744084
2068
526356
2068
134744084
2068
526356
2068
134744084
2068
526356
2068
134744084
2068
526356
2068
134744119
2103
526391
2103
134744119
2103
526391
2103
134744118
2102
526390
2102
134744118
2102
526390
2102
134744116
2100
526388
2100
134744116
2100
526388
2100
134744116
2100
526388
2100
134744116
2100
526388
2100
134744119
2103
526391
2103
134744119
2103
526391
2103
134744118
2102
526390
2102
134744118
2102
526390
2102
134744116
2100
526388
2100
134744116
2100
526388
2100
134744116
2100
526388
2100
134744116
2100
526388
2100
134744087
2071
526359
2071
134744087
2071
526359
2071
134744086
2070
526358
2070
134744086
2070
526358
2070
134744084
2068
526356
2068
134744084
2068
526356
2068
134744084
2068
526356
2068
134744084
2068
526356
2068
134744087
2071
526359
2071
134744087
2071
526359
2071
134744086
2070
526358
2070
134744086
2070
526358
2070
134744084
2068
526356
2068
134744084
2068
526356
2068
134744084
2068
526356
2068
134744084
2068
526356
2068
134744183
2167
526583
2295
134744183
2167
526583
2295
134744182
2166
526582
2294
134744182
2166
526582
2294
134744180
2164
526580
2292
134744180
2164
526580
2292
134744180
2164
526580
2292
134744180
2164
526580
2292
134744183
2167
526583
2295
134744183
2167
526583
2295
134744182
2166
526582
2294
134744182
2166
526582
2294
134744180
2164
526580
2292
134744180
2164
526580
2292
134744180
2164
526580
2292
134744180
2164
526580
2292
134744087
2071
526359
2071
134744087
2071
526359
2071
134744086
2070
526358
2070
134744086
2070
526358
2070
134744084
2068
526356
2068
134744084
2068
526356
2068
134744084
2068
526356
2068
134744084
2068
526356
2068
134744087
2071
526359
2071
134744087
2071
526359
2071
134744086
2070
526358
2070
134744086
2070
526358
2070
134744084
2068
526356
2068
134744084
2068
526356
2068
134744084
2068
526356
2068
134744084
2068
526356
2068
134744119
2103
526391
2103
134744119
2103
526391
2103
134744118
2102
526390
2102
134744118
2102
526390
2102
134744116
2100
526388
2100
134744116
2100
526388
2100
134744116
2100
526388
2100
134744116
2100
526388
2100
134744119
2103
526391
2103
134744119
2103
526391
2103
134744118
2102
526390
2102
134744118
2102
526390
2102
134744116
2100
526388
2100
134744116
2100
526388
2100
134744116
2100
526388
2100
134744116
2100
526388
2100
134744087
2071
526359
2071
134744087
2071
526359
2071
134744086
2070
526358
2070
134744086
2070
526358
2070
134744084
2068
526356
2068
134744084
2068
526356
2068
134744084
2068
526356
2068
134744084
2068
526356
2068
134744087
2071
526359
2071
134744087
2071
526359
2071
134744086
2070
526358
2070
134744086
2070
526358
2070
134744084
2068
526356
2068
134744084
2068
526356
2068
134744084
2068
526356
2068
134744084
2068
526356
2068
0
0
0
0
0
0
0
0
0
0
0
0
0
0
0
0
0
0
0
0
0
0
0
0
0
0
0
0
0
0
0
0
0
0
0
0
0
0
0
0
0
0
0
0
0
0
0
0
0
0
0
0
0
0
0
0
0
0
0
0
0
0
0
0
0
0
0
0
0
0
0
0
0
0
0
0
0
0
0
0
0
0
0
0
0
0
0
0
0
0
0
0
0
0
0
0
0
0
0
0
0
0
0
0
0
0
0
0
0
0
0
0
0
0
0
0
0
0
0
0
0
0
0
0
0
0
0
0
0
0
0
0
0
0
0
0
0
0
0
0
0
0
0
0
0
0
0
0
0
0
0
0
0
0
0
0
0
0
0
0
0
0
0
0
0
0
0
0
0
0
0
0
0
0
0
0
0
0
0
0
0
0
0
0
0
0
0
0
0
0
0
0
0
0
0
0
0
0
0
0
0
0
0
0
0
0
0
0
0
0
0
0
0
0
0
0
0
0
0
0
0
0
0
0
0
0
0
0
0
0
0
0
0
0
0
0
0
0
0
0
0
0
0
0
0
0
0
0
0
0
0
0
0
0
0
0
0
0
0
0
0
0
0
0
0
0
0
0
0
0
0
0
0
0
0
0
0
0
0
0
0
0
0
0
0
0
0
0
0
0
0
0
0
0
0
0
0
0
0
0
0
0
0
0
0
0
0
0
0
0
0
0
0
0
0
0
0
0
0
0
0
0
0
0
0
0
0
0
0
0
0
0
0
0
0
0
0
0
0
0
0
0
0
0
0
0
0
0
0
0
0
0
0
0
0
0
0
0
0
0
0
0
0
0
0
0
0
0
0
0
0
0
0
0
0
0
0
0
0
0
0
0
0
0
0
0
0
0
0
0
0
0
0
0
0
0
0
0
0
0
0
0
0
0
0
0
0
0
0
0
0
0
0
0
0
0
0
0
0
0
0
0
0
0
0
0
0
0
0
0
0
0
0
0
0
0
0
0
0
0
0
0
0
0
0
0
0
0
0
0
0
0
0
0
0
0
0
0
0
0
0
0
0
0
0
0
0
0
0
0
0
0
0
0
0
0
0
0
0
0
0
0
0
0
0
0
0
0
0
0
0
0
0
0
0
0
0
0
0
0
0
0
0
0
0
0
0
0
0
0
0
0
0
0
0
0
0
0
0
0
0
0
0
0
0
0
0
0
0
0
0
0
0
0
0
0
0
0
0
0
0
0
0
0
0
0
0
0
0
0
0
0
0
0
0
0
0
0
0
0
0
0
0
0
0
0
0
0
0
0
0
0
0
0
0
0
0
0
0
0
0
0
0
0
0
0
0
0
0
0
0
0
0
0
0
0
0
0
0
0
0
0
0
0
0
0
0
0
0
0
0
0
0
0
0
0
0
0
0
0
0
0
0
0
0
0
0
0
0
0
0
0
0
0
0
0
0
0
0
0
0
0
0
0
0
0
0
0
0
0
0
0
0
0
0
0
0
0
0
0
0
0
0
0
0
0
0
0
0
0
0
0
0
0
0
0
0
0
0
0
0
0
0
0
0
0
0
0
0
0
0
0
0
0
0
0
0
0
0
0
0
0
0
0
0
0
0
0
0
0
0
0
0
0
0
0
0
0
0
0
0
0
0
0
0
0
0
0
0
0
0
0
0
0
0
0
0
0
0
0
0
0
0
0
0
0
0
0
0
0
0
0
0
0
0
0
0
0
0
0
0
0
0
0
0
0
0
0
0
0
0
0
0
0
0
0
0
0
0
0
0
0
0
0
0
0
0
0
0
0
0
0
0
0
0
0
0
0
0
0
0
0
0
0
0
0
0
0
0
0
0
0
0
0
0
0
0
0
0
0
0
0
0
0
0
0
0
0
0
0
0
0
0
0
0
0
0
0
0
0
0
0
0
0
0
0
0
0
0
0
0
0
0
0
0
0
0
0
0
0
0
0
0
0
0
0
0
0
0
0
0
0
0
0
0
0
0
0
0
0
0
0
0
0
0
0
0
0
0
0
0
0
0
0
0
0
0
0
0
0
0
0
0
0
0
0
0
0
0
0
0
0
0
0
0
0
0
0
0
0
0
0
0
0
0
0
0
0
0
0
0
0
0
0
0
0
0
0
0
0
0
0
0
0
0
0
0
0
0
0
0
0
0
0
0
0
0
0
0
0
0
0
0
0
0
0
0
0
0
0
0
0
0
0
0
0
0
0
0
0
0
0
0
0
0
0
0
0
0
0
0
0
0
0
0
0
0
0
0
0
0
0
0
0
0
0
0
0
0
0
0
0
0
0
0
0
0
0
0
0
0
0
0
0
0
0
0
0
0
0
0
0
0
0
0
0
0
0
0
0
0
0
0
0
0
0
0
0
0
0
0
0
0
0
0
0
0
0
0
0
0
0
0
0
0
0
0
0
0
0
0
0
0
0
0
0
0
0
0
0
0
0
0
0
0
0
0
0
0
0
0
0
0
0
0
0
0
0
0
0
0
0
0
0
0
0
0
0
0
0
0
0
0
0
0
0
0
0
0
0
0
0
0
0
0
0
0
0
0
0
0
0
0
0
0
0
0
0
0
0
0
0
0
0
0
0
0
0
0
0
0
0
0
0
0
0
0
0
0
0
0
0
0
0
0
0
0
0
0
0
0
0
0
0
0
0
0
0
0
0
0
0
0
0
0
0
0
0
0
0
0
0
0
0
0
0
0
0
0
0
0
0
0
0
0
0
0
0
0
0
0
0
0
0
0
0
0
0
0
0
0
0
0
0
0
0
0
0
0
0
0
0
0
0
0
0
0
0
0
0
0
0
0
0
0
0
0
0
0
0
0
0
0
0
0
0
0
0
0
0
0
0
0
0
0
0
0
0
0
0
0
0
0
0
0
0
0
0
0
0
0
0
0
0
0
0
0
0
0
0
0
0
0
0
0
0
0
0
0
0
0
0
0
0
0
0
0
0
0
0
0
0
0
0
0
0
0
0
0
0
0
0
0
0
0
0
0
0
0
0
0
0
0
0
0
0
0
0
0
0
0
0
0
0
0
0
0
0
0
0
0
0
0
0
0
0
0
0
0
0
0
0
0
0
0
0
0
0
0
0
0
0
0
0
0
0
0
0
0
0
0
0
0
0
0
0
0
0
0
0
0
0
0
0
0
0
0
0
0
0
0
0
0
0
0
0
0
0
0
0
0
0
0
0
0
0
0
0
0
0
0
0
0
0
0
0
0
0
0
0
0
0
0
0
0
0
0
0
0
0
0
0
0
0
0
0
0
0
0
0
0
0
0
0
0
0
0
0
0
0
0
0
0
0
0
0
0
0
0
0
0
0
0
0
0
0
0
0
0
0
0
0
0
0
0
0
0
0
0
0
0
0
0
0
0
0
0
0
0
0
0
0
0
0
0
0
0
0
0
0
0
0
0
0
0
0
0
0
0
0
0
0
0
0
0
0
0
0
0
0
0
0
0
0
0
0
0
0
0
0
0
0
0
0
0
0
0
0
0
0
0
0
0
0
0
0
0
0
0
0
0
0
0
0
0
0
0
0
0
0
0
0
0
0
0
0
0
0
0
0
0
0
0
0
0
0
0
0
0
0
0
0
0
0
0
0
0
0
0
0
0
0
0
0
0
0
0
0
0
0
0
0
0
0
0
0
0
0
0
0
0
0
0
0
0
0
0
0
0
0
0
0
0
0
0
0
0
0
0
0
0
0
0
0
0
0
0
0
0
0
0
0
0
0
0
0
0
0
0
0
0
0
0
0
0
0
0
0
0
0
0
0
0
0
0
0
0
0
0
0
0
0
0
0
0
0
0
0
0
0
0
0
0
0
0
0
0
0
0
0
0
0
0
0
0
0
0
0
0
0
0
0
0
0
0
0
0
0
0
0
0
0
0
0
0
0
0
0
0
0
0
0
0
0
0
0
0
0
0
0
0
0
0
0
0
0
0
0
0
0
0
0
0
0
0
0
0
0
0
0
0
0
0
0
0
0
0
0
0
0
0
0
0
0
0
0
0
0
0
0
0
0
0
0
0
0
0
0
0
0
0
0
0
0
0
0
0
0
0
0
0
0
0
0
0
0
0
0
0
0
0
0
0
0
0
0
0
0
0
0
0
0
0
0
0
0
0
0
0
0
0
0
0
0
0
0
0
0
0
0
0
0
0
0
0
0
0
0
0
0
0
0
0
0
0
0
0
0
0
0
0
0
0
0
0
0
0
0
0
0
0
0
0
0
0
0
0
0
0
0
0
0
0
0
0
0
0
0
0
0
0
0
0
0
0
0
0
0
0
0
0
0
0
0
0
0
0
0
0
0
0
0
0
0
0
0
0
0
0
0
0
0
0
0
0
0
0
0
0
0
0
0
0
0
0
0
0
0
0
0
0
0
0
0
0
0
0
0
0
0
0
0
0
0
0
0
0
0
0
0
0
0
0
0
0
0
0
0
0
0
0
0
0
0
0
0
0
0
0
0
0
0
0
0
0
0
0
0
0
0
0
0
0
0
0
0
0
0
0
0
0
0
0
0
0
0
0
0
0
0
0
0
0
0
0
0
0
0
0
0
0
0
0
0
0
0
0
0
0
0
0
0
0
0
0
0
0
0
0
0
0
0
0
0
0
0
0
0
