289360691368494084
83559428
4415309939716
83559428
289360691368428548
83493892
4415309874180
83493892
289360691368494080
83559424
4415309939712
83559424
289360691368428544
83493888
4415309874176
83493888
289360691352765444
67830788
4415294211076
67830788
289360691352699908
67765252
4415294145540
67765252
289360691352765440
67830784
4415294211072
67830784
289360691352699904
67765248
4415294145536
67765248
289360691353814020
68879364
4415295259652
68879364
289360691353748484
68813828
4415295194116
68813828
289360691353814016
68879360
4415295259648
68879360
289360691353748480
68813824
4415295194112
68813824
289360691352765444
67830788
4415294211076
67830788
289360691352699908
67765252
4415294145540
67765252
289360691352765440
67830784
4415294211072
67830784
289360691352699904
67765248
4415294145536
67765248
289360691355911172
70976516
4415297356804
70976516
289360691355845636
70910980
4415297291268
70910980
289360691355911168
70976512
4415297356800
70976512
289360691355845632
70910976
4415297291264
70910976
289360691352765444
67830788
4415294211076
67830788
289360691352699908
67765252
4415294145540
67765252
289360691352765440
67830784
4415294211072
67830784
289360691352699904
67765248
4415294145536
67765248
289360691353814020
68879364
4415295259652
68879364
289360691353748484
68813828
4415295194116
68813828
289360691353814016
68879360
4415295259648
68879360
289360691353748480
68813824
4415295194112
68813824
289360691352765444
67830788
4415294211076
67830788
289360691352699908
67765252
4415294145540
67765252
289360691352765440
67830784
4415294211072
67830784
289360691352699904
67765248
4415294145536
67765248
289360691360105476
75170820
4415301551108
75170820
289360691360039940
75105284
4415301485572
75105284
289360691360105472
75170816
4415301551104
75170816
289360691360039936
75105280
4415301485568
75105280
289360691352765444
67830788
4415294211076
67830788
289360691352699908
67765252
4415294145540
67765252
289360691352765440
67830784
4415294211072
67830784
289360691352699904
67765248
4415294145536
67765248
289360691353814020
68879364
4415295259652
68879364
289360691353748484
68813828
4415295194116
68813828
289360691353814016
68879360
4415295259648
68879360
289360691353748480
68813824
4415295194112
68813824
289360691352765444
67830788
4415294211076
67830788
289360691352699908
67765252
4415294145540
67765252
289360691352765440
67830784
4415294211072
67830784
289360691352699904
67765248
4415294145536
67765248
289360691355911172
70976516
4415297356804
70976516
289360691355845636
70910980
4415297291268
70910980
289360691355911168
70976512
4415297356800
70976512
289360691355845632
70910976
4415297291264
70910976
289360691352765444
67830788
4415294211076
67830788
289360691352699908
67765252
4415294145540
67765252
289360691352765440
67830784
4415294211072
67830784
289360691352699904
67765248
4415294145536
67765248
289360691353814020
68879364
4415295259652
68879364
289360691353748484
68813828
4415295194116
68813828
289360691353814016
68879360
4415295259648
68879360
289360691353748480
68813824
4415295194112
68813824
289360691352765444
67830788
4415294211076
67830788
289360691352699908
67765252
4415294145540
67765252
289360691352765440
67830784
4415294211072
67830784
289360691352699904
67765248
4415294145536
67765248
17263428612
83559428
17263428612
83559428
17263363076
83493892
17263363076
83493892
17263428608
83559424
17263428608
83559424
17263363072
83493888
17263363072
83493888
17247699972
67830788
17247699972
67830788
17247634436
67765252
17247634436
67765252
17247699968
67830784
17247699968
67830784
17247634432
67765248
17247634432
67765248
17248748548
68879364
17248748548
68879364
17248683012
68813828
17248683012
68813828
17248748544
68879360
17248748544
68879360
17248683008
68813824
17248683008
68813824
17247699972
67830788
17247699972
67830788
17247634436
67765252
17247634436
67765252
17247699968
67830784
17247699968
67830784
17247634432
67765248
17247634432
67765248
17250845700
70976516
17250845700
70976516
17250780164
70910980
17250780164
70910980
17250845696
70976512
17250845696
70976512
17250780160
70910976
17250780160
70910976
17247699972
67830788
17247699972
67830788
17247634436
67765252
17247634436
67765252
17247699968
67830784
17247699968
67830784
17247634432
67765248
17247634432
67765248
17248748548
68879364
17248748548
68879364
17248683012
68813828
17248683012
68813828
17248748544
68879360
17248748544
68879360
17248683008
68813824
17248683008
68813824
17247699972
67830788
17247699972
67830788
17247634436
67765252
17247634436
67765252
17247699968
67830784
17247699968
67830784
17247634432
67765248
17247634432
67765248
17255040004
75170820
17255040004
75170820
17254974468
75105284
17254974468
75105284
17255040000
75170816
17255040000
75170816
17254974464
75105280
17254974464
75105280
17247699972
67830788
17247699972
67830788
17247634436
67765252
17247634436
67765252
17247699968
67830784
17247699968
67830784
17247634432
67765248
17247634432
67765248
17248748548
68879364
17248748548
68879364
17248683012
68813828
17248683012
68813828
17248748544
68879360
17248748544
68879360
17248683008
68813824
17248683008
68813824
17247699972
67830788
17247699972
67830788
17247634436
67765252
17247634436
67765252
17247699968
67830784
17247699968
67830784
17247634432
67765248
17247634432
67765248
17250845700
70976516
17250845700
70976516
17250780164
70910980
17250780164
70910980
17250845696
70976512
17250845696
70976512
17250780160
70910976
17250780160
70910976
17247699972
67830788
17247699972
67830788
17247634436
67765252
17247634436
67765252
17247699968
67830784
17247699968
67830784
17247634432
67765248
17247634432
67765248
17248748548
68879364
17248748548
68879364
17248683012
68813828
17248683012
68813828
17248748544
68879360
17248748544
68879360
17248683008
68813824
17248683008
68813824
17247699972
67830788
17247699972
67830788
17247634436
67765252
17247634436
67765252
17247699968
67830784
17247699968
67830784
17247634432
67765248
17247634432
67765248
1130315216782340
83559428
4415309939716
83559428
1130315216716804
83493892
4415309874180
83493892
1130315216782336
83559424
4415309939712
83559424
1130315216716800
83493888
4415309874176
83493888
1130315201053700
67830788
4415294211076
67830788
1130315200988164
67765252
4415294145540
67765252
1130315201053696
67830784
4415294211072
67830784
1130315200988160
67765248
4415294145536
67765248
1130315202102276
68879364
4415295259652
68879364
1130315202036740
68813828
4415295194116
68813828
1130315202102272
68879360
4415295259648
68879360
1130315202036736
68813824
4415295194112
68813824
1130315201053700
67830788
4415294211076
67830788
1130315200988164
67765252
4415294145540
67765252
1130315201053696
67830784
4415294211072
67830784
1130315200988160
67765248
4415294145536
67765248
1130315204199428
70976516
4415297356804
70976516
1130315204133892
70910980
4415297291268
70910980
1130315204199424
70976512
4415297356800
70976512
1130315204133888
70910976
4415297291264
70910976
1130315201053700
67830788
4415294211076
67830788
1130315200988164
67765252
4415294145540
67765252
1130315201053696
67830784
4415294211072
67830784
1130315200988160
67765248
4415294145536
67765248
1130315202102276
68879364
4415295259652
68879364
1130315202036740
68813828
4415295194116
68813828
1130315202102272
68879360
4415295259648
68879360
1130315202036736
68813824
4415295194112
68813824
1130315201053700
67830788
4415294211076
67830788
1130315200988164
67765252
4415294145540
67765252
1130315201053696
67830784
4415294211072
67830784
1130315200988160
67765248
4415294145536
67765248
1130315208393732
75170820
4415301551108
75170820
1130315208328196
75105284
4415301485572
75105284
1130315208393728
75170816
4415301551104
75170816
1130315208328192
75105280
4415301485568
75105280
1130315201053700
67830788
4415294211076
67830788
1130315200988164
67765252
4415294145540
67765252
1130315201053696
67830784
4415294211072
67830784
1130315200988160
67765248
4415294145536
67765248
1130315202102276
68879364
4415295259652
68879364
1130315202036740
68813828
4415295194116
68813828
1130315202102272
68879360
4415295259648
68879360
1130315202036736
68813824
4415295194112
68813824
1130315201053700
67830788
4415294211076
67830788
1130315200988164
67765252
4415294145540
67765252
1130315201053696
67830784
4415294211072
67830784
1130315200988160
67765248
4415294145536
67765248
1130315204199428
70976516
4415297356804
70976516
1130315204133892
70910980
4415297291268
70910980
1130315204199424
70976512
4415297356800
70976512
1130315204133888
70910976
4415297291264
70910976
1130315201053700
67830788
4415294211076
67830788
1130315200988164
67765252
4415294145540
67765252
1130315201053696
67830784
4415294211072
67830784
1130315200988160
67765248
4415294145536
67765248
1130315202102276
68879364
4415295259652
68879364
1130315202036740
68813828
4415295194116
68813828
1130315202102272
68879360
4415295259648
68879360
1130315202036736
68813824
4415295194112
68813824
1130315201053700
67830788
4415294211076
67830788
1130315200988164
67765252
4415294145540
67765252
1130315201053696
67830784
4415294211072
67830784
1130315200988160
67765248
4415294145536
67765248
17263428612
83559428
17263428612
83559428
17263363076
83493892
17263363076
83493892
17263428608
83559424
17263428608
83559424
17263363072
83493888
17263363072
83493888
17247699972
67830788
17247699972
67830788
17247634436
67765252
17247634436
67765252
17247699968
67830784
17247699968
67830784
17247634432
67765248
17247634432
67765248
17248748548
68879364
17248748548
68879364
17248683012
68813828
17248683012
68813828
17248748544
68879360
17248748544
68879360
17248683008
68813824
17248683008
68813824
17247699972
67830788
17247699972
67830788
17247634436
67765252
17247634436
67765252
17247699968
67830784
17247699968
67830784
17247634432
67765248
17247634432
67765248
17250845700
70976516
17250845700
70976516
17250780164
70910980
17250780164
70910980
17250845696
70976512
17250845696
70976512
17250780160
70910976
17250780160
70910976
17247699972
67830788
17247699972
67830788
17247634436
67765252
17247634436
67765252
17247699968
67830784
17247699968
67830784
17247634432
67765248
17247634432
67765248
17248748548
68879364
17248748548
68879364
17248683012
68813828
17248683012
68813828
17248748544
68879360
17248748544
68879360
17248683008
68813824
17248683008
68813824
17247699972
67830788
17247699972
67830788
17247634436
67765252
17247634436
67765252
17247699968
67830784
17247699968
67830784
17247634432
67765248
17247634432
67765248
17255040004
75170820
17255040004
75170820
17254974468
75105284
17254974468
75105284
17255040000
75170816
17255040000
75170816
17254974464
75105280
17254974464
75105280
17247699972
67830788
17247699972
67830788
17247634436
67765252
17247634436
67765252
17247699968
67830784
17247699968
67830784
17247634432
67765248
17247634432
67765248
17248748548
68879364
17248748548
68879364
17248683012
68813828
17248683012
68813828
17248748544
68879360
17248748544
68879360
17248683008
68813824
17248683008
68813824
17247699972
67830788
17247699972
67830788
17247634436
67765252
17247634436
67765252
17247699968
67830784
17247699968
67830784
17247634432
67765248
17247634432
67765248
17250845700
70976516
17250845700
70976516
17250780164
70910980
17250780164
70910980
17250845696
70976512
17250845696
70976512
17250780160
70910976
17250780160
70910976
17247699972
67830788
17247699972
67830788
17247634436
67765252
17247634436
67765252
17247699968
67830784
17247699968
67830784
17247634432
67765248
17247634432
67765248
17248748548
68879364
17248748548
68879364
17248683012
68813828
17248683012
68813828
17248748544
68879360
17248748544
68879360
17248683008
68813824
17248683008
68813824
17247699972
67830788
17247699972
67830788
17247634436
67765252
17247634436
67765252
17247699968
67830784
17247699968
67830784
17247634432
67765248
17247634432
67765248
0
0
0
0
0
0
0
0
0
0
0
0
0
0
0
0
0
0
0
0
0
0
0
0
0
0
0
0
0
0
0
0
0
0
0
0
0
0
0
0
0
0
0
0
0
0
0
0
0
0
0
0
0
0
0
0
0
0
0
0
0
0
0
0
0
0
0
0
0
0
0
0
0
0
0
0
0
0
0
0
0
0
0
0
0
0
0
0
0
0
0
0
0
0
0
0
0
0
0
0
0
0
0
0
0
0
0
0
0
0
0
0
0
0
0
0
0
0
0
0
0
0
0
0
0
0
0
0
0
0
0
0
0
0
0
0
0
0
0
0
0
0
0
0
0
0
0
0
0
0
0
0
0
0
0
0
0
0
0
0
0
0
0
0
0
0
0
0
0
0
0
0
0
0
0
0
0
0
0
0
0
0
0
0
0
0
0
0
0
0
0
0
0
0
0
0
0
0
0
0
0
0
0
0
0
0
0
0
0
0
0
0
0
0
0
0
0
0
0
0
0
0
0
0
0
0
0
0
0
0
0
0
0
0
0
0
0
0
0
0
0
0
0
0
0
0
0
0
0
0
0
0
0
0
0
0
0
0
0
0
0
0
0
0
0
0
0
0
0
0
0
0
0
0
0
0
0
0
0
0
0
0
0
0
0
0
0
0
0
0
0
0
0
0
0
0
0
0
0
0
0
0
0
0
0
0
0
0
0
0
0
0
0
0
0
0
0
0
0
0
0
0
0
0
0
0
0
0
0
0
0
0
0
0
0
0
0
0
0
0
0
0
0
0
0
0
0
0
0
0
0
0
0
0
0
0
0
0
0
0
0
0
0
0
0
0
0
0
0
0
0
0
0
0
0
0
0
0
0
0
0
0
0
0
0
0
0
0
0
0
0
0
0
0
0
0
0
0
0
0
0
0
0
0
0
0
0
0
0
0
0
0
0
0
0
0
0
0
0
0
0
0
0
0
0
0
0
0
0
0
0
0
0
0
0
0
0
0
0
0
0
0
0
0
0
0
0
0
0
0
0
0
0
0
0
0
0
0
0
0
0
0
0
0
0
0
0
0
0
0
0
0
0
0
0
0
0
0
0
0
0
0
0
0
0
0
0
0
0
0
0
0
0
0
0
0
0
0
0
0
0
0
0
0
0
0
0
0
0
0
0
0
0
0
0
0
0
0
0
0
0
0
0
0
0
0
0
0
0
0
0
0
0
0
0
0
0
0
0
0
0
0
0
0
0
0
0
0
0
0
0
0
0
0
0
0
0
0
0
0
0
0
0
0
0
0
0
0
0
0
0
0
0
0
0
0
0
0
0
0
0
0
0
0
0
0
0
0
0
0
0
0
0
0
0
0
0
0
0
0
0
0
0
0
0
0
0
0
0
0
0
0
0
0
0
0
0
0
0
0
0
0
0
0
0
0
0
0
0
0
0
0
0
0
0
0
0
0
0
0
0
0
0
0
0
0
0
0
0
0
0
0
0
0
0
0
0
0
0
0
0
0
0
0
0
0
0
0
0
0
0
0
0
0
0
0
0
0
0
0
0
0
0
0
0
0
0
0
0
0
0
0
0
0
0
0
0
0
0
0
0
0
0
0
0
0
0
0
0
0
0
0
0
0
0
0
0
0
0
0
0
0
0
0
0
0
0
0
0
0
0
0
0
0
0
0
0
0
0
0
0
0
0
0
0
0
0
0
0
0
0
0
0
0
0
0
0
0
0
0
0
0
0
0
0
0
0
0
0
0
0
0
0
0
0
0
0
0
0
0
0
0
0
0
0
0
0
0
0
0
0
0
0
0
0
0
0
0
0
0
0
0
0
0
0
0
0
0
0
0
0
0
0
0
0
0
0
0
0
0
0
0
0
0
0
0
0
0
0
0
0
0
0
0
0
0
0
0
0
0
0
0
0
0
0
0
0
0
0
0
0
0
0
0
0
0
0
0
0
0
0
0
0
0
0
0
0
0
0
0
0
0
0
0
0
0
0
0
0
0
0
0
0
0
0
0
0
0
0
0
0
0
0
0
0
0
0
0
0
0
0
0
0
0
0
0
0
0
0
0
0
0
0
0
0
0
0
0
0
0
0
0
0
0
0
0
0
0
0
0
0
0
0
0
0
0
0
0
0
0
0
0
0
0
0
0
0
0
0
0
0
0
0
0
0
0
0
0
0
0
0
0
0
0
0
0
0
0
0
0
0
0
0
0
0
0
0
0
0
0
0
0
0
0
0
0
0
0
0
0
0
0
0
0
0
0
0
0
0
0
0
0
0
0
0
0
0
0
0
0
0
0
0
0
0
0
0
0
0
0
0
0
0
0
0
0
0
0
0
0
0
0
0
0
0
0
0
0
0
0
0
0
0
0
0
0
0
0
0
0
0
0
0
0
0
0
0
0
0
0
0
0
0
0
0
0
0
0
0
0
0
0
0
0
0
0
0
0
0
0
0
0
0
0
0
0
0
0
0
0
0
0
0
0
0
0
0
0
0
0
0
0
0
0
0
0
0
0
0
0
0
0
0
0
0
0
0
0
0
0
0
0
0
0
0
0
0
0
0
0
0
0
0
0
0
0
0
0
0
0
0
0
0
0
0
0
0
0
0
0
0
0
0
0
0
0
0
0
0
0
0
0
0
0
0
0
0
0
0
0
0
0
0
0
0
0
0
0
0
0
0
0
0
0
0
0
0
0
0
0
0
0
0
0
0
0
0
0
0
0
0
0
0
0
0
0
0
0
0
0
0
0
0
0
0
0
0
0
0
0
0
0
0
0
0
0
0
0
0
0
0
0
0
0
0
0
0
0
0
0
0
0
0
0
0
0
0
0
0
0
0
0
0
0
0
0
0
0
0
0
0
0
0
0
0
0
0
0
0
0
0
0
0
0
0
0
0
0
0
0
0
0
0
0
0
0
0
0
0
0
0
0
0
0
0
0
0
0
0
0
0
0
0
0
0
0
0
0
0
0
0
0
0
0
0
0
0
0
0
0
0
0
0
0
0
0
0
0
0
0
0
0
0
0
0
0
0
0
0
0
0
0
0
0
0
0
0
0
0
0
0
0
0
0
0
0
0
0
0
0
0
0
0
0
0
0
0
0
0
0
0
0
0
0
0
0
0
0
0
0
0
0
0
0
0
0
0
0
0
0
0
0
0
0
0
0
0
0
0
0
0
0
0
0
0
0
0
0
0
0
0
0
0
0
0
0
0
0
0
0
0
0
0
0
0
0
0
0
0
0
0
0
0
0
0
0
0
0
0
0
0
0
0
0
0
0
0
0
0
0
0
0
0
0
0
0
0
0
0
0
0
0
0
0
0
0
0
0
0
0
0
0
0
0
0
0
0
0
0
0
0
0
0
0
0
0
0
0
0
0
0
0
0
0
0
0
0
0
0
0
0
0
0
0
0
0
0
0
0
0
0
0
0
0
0
0
0
0
0
0
0
0
0
0
0
0
0
0
0
0
0
0
0
0
0
0
0
0
0
0
0
0
0
0
0
0
0
0
0
0
0
0
0
0
0
0
0
0
0
0
0
0
0
0
0
0
0
0
0
0
0
0
0
0
0
0
0
0
0
0
0
0
0
0
0
0
0
0
0
0
0
0
0
0
0
0
0
0
0
0
0
0
0
0
0
0
0
0
0
0
0
0
0
0
0
0
0
0
0
0
0
0
0
0
0
0
0
0
0
0
0
0
0
0
0
0
0
0
0
0
0
0
0
0
0
0
0
0
0
0
0
0
0
0
0
0
0
0
0
0
0
0
0
0
0
0
0
0
0
0
0
0
0
0
0
0
0
0
0
0
0
0
0
0
0
0
0
0
0
0
0
0
0
0
0
0
0
0
0
0
0
0
0
0
0
0
0
0
0
0
0
0
0
0
0
0
0
0
0
0
0
0
0
0
0
0
0
0
0
0
0
0
0
0
0
0
0
0
0
0
0
0
0
0
0
0
0
0
0
0
0
0
0
0
0
0
0
0
0
0
0
0
0
0
0
0
0
0
0
0
0
0
0
0
0
0
0
0
0
0
0
0
0
0
0
0
0
0
0
0
0
0
0
0
0
0
0
0
0
0
0
0
0
0
0
0
0
0
0
0
0
0
0
0
0
0
0
0
0
0
0
0
0
0
0
0
0
0
0
0
0
0
0
0
0
0
0
0
0
0
0
0
0
0
0
0
0
0
0
0
0
0
0
0
0
0
0
0
0
0
0
0
0
0
0
0
0
0
0
0
0
0
0
0
0
0
0
0
0
0
0
0
0
0
0
0
0
0
0
0
0
0
0
0
0
0
0
0
0
0
0
0
0
0
0
0
0
0
0
0
0
0
0
0
0
0
0
0
0
0
0
0
0
0
0
0
0
0
0
0
0
0
0
0
0
0
0
0
0
0
0
0
0
0
0
0
0
0
0
0
0
0
0
0
0
0
0
0
0
0
0
0
0
0
0
0
0
0
0
0
0
0
0
0
0
0
0
0
0
0
0
0
0
0
0
0
0
0
0
0
0
0
0
0
0
0
0
0
0
0
0
0
0
0
0
0
0
0
0
0
0
0
0
0
0
0
0
0
0
0
0
0
0
0
0
0
0
0
0
0
0
0
0
0
0
0
0
0
0
0
0
0
0
0
0
0
0
0
0
0
0
0
0
0
0
0
0
0
0
0
0
0
0
0
0
0
0
0
0
0
0
0
0
0
0
0
0
0
0
0
0
0
0
0
0
0
0
0
0
0
0
0
0
0
0
0
0
0
0
0
0
0
0
0
0
0
0
0
0
0
0
0
0
0
0
0
0
0
0
0
0
0
0
0
0
0
0
0
0
0
0
0
0
0
0
0
0
0
0
0
0
0
0
0
0
0
0
0
0
0
0
0
0
0
0
0
0
0
0
0
0
0
0
0
0
0
0
0
0
0
0
0
0
0
0
0
0
0
0
0
0
0
0
0
0
0
0
0
0
0
0
0
0
0
0
0
0
0
0
0
0
0
0
0
0
0
0
0
0
0
0
0
0
0
0
0
0
0
0
0
0
0
0
0
0
0
0
0
0
0
0
0
0
0
0
0
0
0
0
0
0
0
0
0
0
0
0
0
0
0
0
0
0
0
0
0
0
0
0
0
0
0
0
0
0
0
0
0
0
0
0
0
0
0
0
0
0
0
0
0
0
0
0
0
0
0
0
0
0
0
0
0
0
0
0
0
0
0
0
0
0
0
0
0
0
0
0
0
0
0
0
0
0
0
0
0
0
0
0
0
0
0
0
0
0
0
0
0
0
0
0
0
0
0
0
0
0
0
0
0
0
0
0
0
0
0
0
0
0
0
0
0
0
0
0
0
0
0
0
0
0
0
0
0
0
0
0
0
0
0
0
0
0
0
0
0
0
0
0
0
0
0
0
0
0
0
0
0
0
0
0
0
0
0
0
0
0
0
0
0
0
0
0
0
0
0
0
0
0
0
0
0
0
0
0
0
0
0
0
0
0
0
0
0
0
0
0
0
0
0
0
0
0
0
0
0
0
0
0
0
0
0
0
0
0
0
0
0
0
0
0
0
0
0
0
0
0
0
0
0
0
0
0
0
0
0
0
0
0
0
0
0
0
0
0
0
0
0
0
0
0
0
0
0
0
0
0
0
0
0
0
0
0
0
0
0
0
0
0
0
0
0
0
0
0
0
0
0
0
0
0
0
0
0
0
0
0
0
0
0
0
0
0
0
0
0
0
0
0
0
0
0
0
0
0
0
0
0
0
0
0
0
0
0
0
0
0
0
0
0
0
0
0
0
0
0
0
0
0
0
0
0
0
0
0
0
0
0
0
0
0
0
0
0
0
0
0
0
0
0
0
0
0
0
0
0
0
0
0
0
0
0
0
0
0
0
0
0
0
0
0
0
0
0
0
0
0
0
0
0
0
0
0
0
0
0
0
0
0
0
0
0
0
0
0
0
0
0
0
0
0
0
0
0
0
0
0
0
0
0
0
0
0
0
0
0
0
0
0
0
0
0
0
0
0
0
0
0
0
0
0
0
0
0
0
0
0
0
0
0
0
0
0
0
0
0
0
0
0
0
0
0
0
0
0
0
0
0
0
0
0
0
0
0
0
0
0
0
0
0
0
0
0
0
0
0
0
0
0
0
0
0
0
0
0
0
0
0
0
0
0
0
0
0
0
0
0
0
0
0
0
0
0
0
0
0
0
0
0
0
0
0
0
0
0
0
0
0
0
0
0
0
0
0
0
0
0
0
0
0
0
0
0
0
0
0
0
0
0
0
0
0
0
0
0
0
0
0
0
0
0
0
0
0
0
0
0
0
0
0
0
0
0
0
0
0
0
0
0
0
0
0
0
0
0
0
0
0
0
0
0
0
0
0
0
0
0
0
0
0
0
0
0
0
0
0
0
0
0
0
0
0
0
0
0
0
0
0
0
0
0
0
0
0
0
0
0
0
0
0
0
0
0
0
0
0
0
0
0
0
0
0
0
0
0
0
0
0
0
0
0
0
0
0
0
0
0
0
0
0
0
0
0
0
0
0
0
0
0
0
0
0
0
0
0
0
0
0
0
0
0
0
0
0
0
0
0
0
0
0
0
0
0
0
0
0
0
0
0
0
0
0
0
0
0
0
0
0
0
0
0
0
0
0
0
0
0
0
0
0
0
0
0
0
0
0
0
0
0
0
0
0
0
0
0
0
0
0
0
0
0
0
0
0
0
0
0
0
0
0
0
0
0
0
0
0
0
0
0
0
0
0
0
0
0
0
0
0
0
0
0
0
0
0
0
0
0
0
0
0
0
0
0
0
0
0
0
0
0
0
0
0
0
0
0
0
0
0
0
0
0
0
0
0
0
0
0
0
0
0
0
0
0
0
0
0
0
0
0
0
0
0
0
0
0
0
0
0
0
0
0
0
0
0
0
0
0
0
0
0
0
0
0
0
0
0
0
0
0
0
0
0
