1157442765423841296
284102672
17661189623824
284102672
1157442765423775760
284037136
17661189558288
284037136
1157442765423644688
283906064
17661189427216
283906064
1157442765423644688
283906064
17661189427216
283906064
1157442765423382544
283643920
17661189165072
283643920
1157442765423382544
283643920
17661189165072
283643920
1157442765423382544
283643920
17661189165072
283643920
1157442765423382544
283643920
17661189165072
283643920
1157442765423841280
284102656
17661189623808
284102656
1157442765423775744
284037120
17661189558272
284037120
1157442765423644672
283906048
17661189427200
283906048
1157442765423644672
283906048
17661189427200
283906048
1157442765423382528
283643904
17661189165056
283643904
1157442765423382528
283643904
17661189165056
283643904
1157442765423382528
283643904
17661189165056
283643904
1157442765423382528
283643904
17661189165056
283643904
1157442765411258384
271519760
17661177040912
271519760
1157442765411192848
271454224
17661176975376
271454224
1157442765411061776
271323152
17661176844304
271323152
1157442765411061776
271323152
17661176844304
271323152
1157442765410799632
271061008
17661176582160
271061008
1157442765410799632
271061008
17661176582160
271061008
1157442765410799632
271061008
17661176582160
271061008
1157442765410799632
271061008
17661176582160
271061008
1157442765411258368
271519744
17661177040896
271519744
1157442765411192832
271454208
17661176975360
271454208
1157442765411061760
271323136
17661176844288
271323136
1157442765411061760
271323136
17661176844288
271323136
1157442765410799616
271060992
17661176582144
271060992
1157442765410799616
271060992
17661176582144
271060992
1157442765410799616
271060992
17661176582144
271060992
1157442765410799616
271060992
17661176582144
271060992
1157442765415452688
275714064
17661181235216
275714064
1157442765415387152
275648528
17661181169680
275648528
1157442765415256080
275517456
17661181038608
275517456
1157442765415256080
275517456
17661181038608
275517456
1157442765414993936
275255312
17661180776464
275255312
1157442765414993936
275255312
17661180776464
275255312
1157442765414993936
275255312
17661180776464
275255312
1157442765414993936
275255312
17661180776464
275255312
1157442765415452672
275714048
17661181235200
275714048
1157442765415387136
275648512
17661181169664
275648512
1157442765415256064
275517440
17661181038592
275517440
1157442765415256064
275517440
17661181038592
275517440
1157442765414993920
275255296
17661180776448
275255296
1157442765414993920
275255296
17661180776448
275255296
1157442765414993920
275255296
17661180776448
275255296
1157442765414993920
275255296
17661180776448
275255296
1157442765411258384
271519760
17661177040912
271519760
1157442765411192848
271454224
17661176975376
271454224
1157442765411061776
271323152
17661176844304
271323152
1157442765411061776
271323152
17661176844304
271323152
1157442765410799632
271061008
17661176582160
271061008
1157442765410799632
271061008
17661176582160
271061008
1157442765410799632
271061008
17661176582160
271061008
1157442765410799632
271061008
17661176582160
271061008
1157442765411258368
271519744
17661177040896
271519744
1157442765411192832
271454208
17661176975360
271454208
1157442765411061760
271323136
17661176844288
271323136
1157442765411061760
271323136
17661176844288
271323136
1157442765410799616
271060992
17661176582144
271060992
1157442765410799616
271060992
17661176582144
271060992
1157442765410799616
271060992
17661176582144
271060992
1157442765410799616
271060992
17661176582144
271060992
69003579408
284102672
69003579408
284102672
69003513872
284037136
69003513872
284037136
69003382800
283906064
69003382800
283906064
69003382800
283906064
69003382800
283906064
69003120656
283643920
69003120656
283643920
69003120656
283643920
69003120656
283643920
69003120656
283643920
69003120656
283643920
69003120656
283643920
69003120656
283643920
69003579392
284102656
69003579392
284102656
69003513856
284037120
69003513856
284037120
69003382784
283906048
69003382784
283906048
69003382784
283906048
69003382784
283906048
69003120640
283643904
69003120640
283643904
69003120640
283643904
69003120640
283643904
69003120640
283643904
69003120640
283643904
69003120640
283643904
69003120640
283643904
68990996496
271519760
68990996496
271519760
68990930960
271454224
68990930960
271454224
68990799888
271323152
68990799888
271323152
68990799888
271323152
68990799888
271323152
68990537744
271061008
68990537744
271061008
68990537744
271061008
68990537744
271061008
68990537744
271061008
68990537744
271061008
68990537744
271061008
68990537744
271061008
68990996480
271519744
68990996480
271519744
68990930944
271454208
68990930944
271454208
68990799872
271323136
68990799872
271323136
68990799872
271323136
68990799872
271323136
68990537728
271060992
68990537728
271060992
68990537728
271060992
68990537728
271060992
68990537728
271060992
68990537728
271060992
68990537728
271060992
68990537728
271060992
68995190800
275714064
68995190800
275714064
68995125264
275648528
68995125264
275648528
68994994192
275517456
68994994192
275517456
68994994192
275517456
68994994192
275517456
68994732048
275255312
68994732048
275255312
68994732048
275255312
68994732048
275255312
68994732048
275255312
68994732048
275255312
68994732048
275255312
68994732048
275255312
68995190784
275714048
68995190784
275714048
68995125248
275648512
68995125248
275648512
68994994176
275517440
68994994176
275517440
68994994176
275517440
68994994176
275517440
68994732032
275255296
68994732032
275255296
68994732032
275255296
68994732032
275255296
68994732032
275255296
68994732032
275255296
68994732032
275255296
68994732032
275255296
68990996496
271519760
68990996496
271519760
68990930960
271454224
68990930960
271454224
68990799888
271323152
68990799888
271323152
68990799888
271323152
68990799888
271323152
68990537744
271061008
68990537744
271061008
68990537744
271061008
68990537744
271061008
68990537744
271061008
68990537744
271061008
68990537744
271061008
68990537744
271061008
68990996480
271519744
68990996480
271519744
68990930944
271454208
68990930944
271454208
68990799872
271323136
68990799872
271323136
68990799872
271323136
68990799872
271323136
68990537728
271060992
68990537728
271060992
68990537728
271060992
68990537728
271060992
68990537728
271060992
68990537728
271060992
68990537728
271060992
68990537728
271060992
4521260816994320
284102672
17661189623824
284102672
4521260816928784
284037136
17661189558288
284037136
4521260816797712
283906064
17661189427216
283906064
4521260816797712
283906064
17661189427216
283906064
4521260816535568
283643920
17661189165072
283643920
4521260816535568
283643920
17661189165072
283643920
4521260816535568
283643920
17661189165072
283643920
4521260816535568
283643920
17661189165072
283643920
4521260816994304
284102656
17661189623808
284102656
4521260816928768
284037120
17661189558272
284037120
4521260816797696
283906048
17661189427200
283906048
4521260816797696
283906048
17661189427200
283906048
4521260816535552
283643904
17661189165056
283643904
4521260816535552
283643904
17661189165056
283643904
4521260816535552
283643904
17661189165056
283643904
4521260816535552
283643904
17661189165056
283643904
4521260804411408
271519760
17661177040912
271519760
4521260804345872
271454224
17661176975376
271454224
4521260804214800
271323152
17661176844304
271323152
4521260804214800
271323152
17661176844304
271323152
4521260803952656
271061008
17661176582160
271061008
4521260803952656
271061008
17661176582160
271061008
4521260803952656
271061008
17661176582160
271061008
4521260803952656
271061008
17661176582160
271061008
4521260804411392
271519744
17661177040896
271519744
4521260804345856
271454208
17661176975360
271454208
4521260804214784
271323136
17661176844288
271323136
4521260804214784
271323136
17661176844288
271323136
4521260803952640
271060992
17661176582144
271060992
4521260803952640
271060992
17661176582144
271060992
4521260803952640
271060992
17661176582144
271060992
4521260803952640
271060992
17661176582144
271060992
4521260808605712
275714064
17661181235216
275714064
4521260808540176
275648528
17661181169680
275648528
4521260808409104
275517456
17661181038608
275517456
4521260808409104
275517456
17661181038608
275517456
4521260808146960
275255312
17661180776464
275255312
4521260808146960
275255312
17661180776464
275255312
4521260808146960
275255312
17661180776464
275255312
4521260808146960
275255312
17661180776464
275255312
4521260808605696
275714048
17661181235200
275714048
4521260808540160
275648512
17661181169664
275648512
4521260808409088
275517440
17661181038592
275517440
4521260808409088
275517440
17661181038592
275517440
4521260808146944
275255296
17661180776448
275255296
4521260808146944
275255296
17661180776448
275255296
4521260808146944
275255296
17661180776448
275255296
4521260808146944
275255296
17661180776448
275255296
4521260804411408
271519760
17661177040912
271519760
4521260804345872
271454224
17661176975376
271454224
4521260804214800
271323152
17661176844304
271323152
4521260804214800
271323152
17661176844304
271323152
4521260803952656
271061008
17661176582160
271061008
4521260803952656
271061008
17661176582160
271061008
4521260803952656
271061008
17661176582160
271061008
4521260803952656
271061008
17661176582160
271061008
4521260804411392
271519744
17661177040896
271519744
4521260804345856
271454208
17661176975360
271454208
4521260804214784
271323136
17661176844288
271323136
4521260804214784
271323136
17661176844288
271323136
4521260803952640
271060992
17661176582144
271060992
4521260803952640
271060992
17661176582144
271060992
4521260803952640
271060992
17661176582144
271060992
4521260803952640
271060992
17661176582144
271060992
69003579408
284102672
69003579408
284102672
69003513872
284037136
69003513872
284037136
69003382800
283906064
69003382800
283906064
69003382800
283906064
69003382800
283906064
69003120656
283643920
69003120656
283643920
69003120656
283643920
69003120656
283643920
69003120656
283643920
69003120656
283643920
69003120656
283643920
69003120656
283643920
69003579392
284102656
69003579392
284102656
69003513856
284037120
69003513856
284037120
69003382784
283906048
69003382784
283906048
69003382784
283906048
69003382784
283906048
69003120640
283643904
69003120640
283643904
69003120640
283643904
69003120640
283643904
69003120640
283643904
69003120640
283643904
69003120640
283643904
69003120640
283643904
68990996496
271519760
68990996496
271519760
68990930960
271454224
68990930960
271454224
68990799888
271323152
68990799888
271323152
68990799888
271323152
68990799888
271323152
68990537744
271061008
68990537744
271061008
68990537744
271061008
68990537744
271061008
68990537744
271061008
68990537744
271061008
68990537744
271061008
68990537744
271061008
68990996480
271519744
68990996480
271519744
68990930944
271454208
68990930944
271454208
68990799872
271323136
68990799872
271323136
68990799872
271323136
68990799872
271323136
68990537728
271060992
68990537728
271060992
68990537728
271060992
68990537728
271060992
68990537728
271060992
68990537728
271060992
68990537728
271060992
68990537728
271060992
68995190800
275714064
68995190800
275714064
68995125264
275648528
68995125264
275648528
68994994192
275517456
68994994192
275517456
68994994192
275517456
68994994192
275517456
68994732048
275255312
68994732048
275255312
68994732048
275255312
68994732048
275255312
68994732048
275255312
68994732048
275255312
68994732048
275255312
68994732048
275255312
68995190784
275714048
68995190784
275714048
68995125248
275648512
68995125248
275648512
68994994176
275517440
68994994176
275517440
68994994176
275517440
68994994176
275517440
68994732032
275255296
68994732032
275255296
68994732032
275255296
68994732032
275255296
68994732032
275255296
68994732032
275255296
68994732032
275255296
68994732032
275255296
68990996496
271519760
68990996496
271519760
68990930960
271454224
68990930960
271454224
68990799888
271323152
68990799888
271323152
68990799888
271323152
68990799888
271323152
68990537744
271061008
68990537744
271061008
68990537744
271061008
68990537744
271061008
68990537744
271061008
68990537744
271061008
68990537744
271061008
68990537744
271061008
68990996480
271519744
68990996480
271519744
68990930944
271454208
68990930944
271454208
68990799872
271323136
68990799872
271323136
68990799872
271323136
68990799872
271323136
68990537728
271060992
68990537728
271060992
68990537728
271060992
68990537728
271060992
68990537728
271060992
68990537728
271060992
68990537728
271060992
68990537728
271060992
0
0
0
0
0
0
0
0
0
0
0
0
0
0
0
0
0
0
0
0
0
0
0
0
0
0
0
0
0
0
0
0
0
0
0
0
0
0
0
0
0
0
0
0
0
0
0
0
0
0
0
0
0
0
0
0
0
0
0
0
0
0
0
0
0
0
0
0
0
0
0
0
0
0
0
0
0
0
0
0
0
0
0
0
0
0
0
0
0
0
0
0
0
0
0
0
0
0
0
0
0
0
0
0
0
0
0
0
0
0
0
0
0
0
0
0
0
0
0
0
0
0
0
0
0
0
0
0
0
0
0
0
0
0
0
0
0
0
0
0
0
0
0
0
0
0
0
0
0
0
0
0
0
0
0
0
0
0
0
0
0
0
0
0
0
0
0
0
0
0
0
0
0
0
0
0
0
0
0
0
0
0
0
0
0
0
0
0
0
0
0
0
0
0
0
0
0
0
0
0
0
0
0
0
0
0
0
0
0
0
0
0
0
0
0
0
0
0
0
0
0
0
0
0
0
0
0
0
0
0
0
0
0
0
0
0
0
0
0
0
0
0
0
0
0
0
0
0
0
0
0
0
0
0
0
0
0
0
0
0
0
0
0
0
0
0
0
0
0
0
0
0
0
0
0
0
0
0
0
0
0
0
0
0
0
0
0
0
0
0
0
0
0
0
0
0
0
0
0
0
0
0
0
0
0
0
0
0
0
0
0
0
0
0
0
0
0
0
0
0
0
0
0
0
0
0
0
0
0
0
0
0
0
0
0
0
0
0
0
0
0
0
0
0
0
0
0
0
0
0
0
0
0
0
0
0
0
0
0
0
0
0
0
0
0
0
0
0
0
0
0
0
0
0
0
0
0
0
0
0
0
0
0
0
0
0
0
0
0
0
0
0
0
0
0
0
0
0
0
0
0
0
0
0
0
0
0
0
0
0
0
0
0
0
0
0
0
0
0
0
0
0
0
0
0
0
0
0
0
0
0
0
0
0
0
0
0
0
0
0
0
0
0
0
0
0
0
0
0
0
0
0
0
0
0
0
0
0
0
0
0
0
0
0
0
0
0
0
0
0
0
0
0
0
0
0
0
0
0
0
0
0
0
0
0
0
0
0
0
0
0
0
0
0
0
0
0
0
0
0
0
0
0
0
0
0
0
0
0
0
0
0
0
0
0
0
0
0
0
0
0
0
0
0
0
0
0
0
0
0
0
0
0
0
0
0
0
0
0
0
0
0
0
0
0
0
0
0
0
0
0
0
0
0
0
0
0
0
0
0
0
0
0
0
0
0
0
0
0
0
0
0
0
0
0
0
0
0
0
0
0
0
0
0
0
0
0
0
0
0
0
0
0
0
0
0
0
0
0
0
0
0
0
0
0
0
0
0
0
0
0
0
0
0
0
0
0
0
0
0
0
0
0
0
0
0
0
0
0
0
0
0
0
0
0
0
0
0
0
0
0
0
0
0
0
0
0
0
0
0
0
0
0
0
0
0
0
0
0
0
0
0
0
0
0
0
0
0
0
0
0
0
0
0
0
0
0
0
0
0
0
0
0
0
0
0
0
0
0
0
0
0
0
0
0
0
0
0
0
0
0
0
0
0
0
0
0
0
0
0
0
0
0
0
0
0
0
0
0
0
0
0
0
0
0
0
0
0
0
0
0
0
0
0
0
0
0
0
0
0
0
0
0
0
0
0
0
0
0
0
0
0
0
0
0
0
0
0
0
0
0
0
0
0
0
0
0
0
0
0
0
0
0
0
0
0
0
0
0
0
0
0
0
0
0
0
0
0
0
0
0
0
0
0
0
0
0
0
0
0
0
0
0
0
0
0
0
0
0
0
0
0
0
0
0
0
0
0
0
0
0
0
0
0
0
0
0
0
0
0
0
0
0
0
0
0
0
0
0
0
0
0
0
0
0
0
0
0
0
0
0
0
0
0
0
0
0
0
0
0
0
0
0
0
0
0
0
0
0
0
0
0
0
0
0
0
0
0
0
0
0
0
0
0
0
0
0
0
0
0
0
0
0
0
0
0
0
0
0
0
0
0
0
0
0
0
0
0
0
0
0
0
0
0
0
0
0
0
0
0
0
0
0
0
0
0
0
0
0
0
0
0
0
0
0
0
0
0
0
0
0
0
0
0
0
0
0
0
0
0
0
0
0
0
0
0
0
0
0
0
0
0
0
0
0
0
0
0
0
0
0
0
0
0
0
0
0
0
0
0
0
0
0
0
0
0
0
0
0
0
0
0
0
0
0
0
0
0
0
0
0
0
0
0
0
0
0
0
0
0
0
0
0
0
0
0
0
0
0
0
0
0
0
0
0
0
0
0
0
0
0
0
0
0
0
0
0
0
0
0
0
0
0
0
0
0
0
0
0
0
0
0
0
0
0
0
0
0
0
0
0
0
0
0
0
0
0
0
0
0
0
0
0
0
0
0
0
0
0
0
0
0
0
0
0
0
0
0
0
0
0
0
0
0
0
0
0
0
0
0
0
0
0
0
0
0
0
0
0
0
0
0
0
0
0
0
0
0
0
0
0
0
0
0
0
0
0
0
0
0
0
0
0
0
0
0
0
0
0
0
0
0
0
0
0
0
0
0
0
0
0
0
0
0
0
0
0
0
0
0
0
0
0
0
0
0
0
0
0
0
0
0
0
0
0
0
0
0
0
0
0
0
0
0
0
0
0
0
0
0
0
0
0
0
0
0
0
0
0
0
0
0
0
0
0
0
0
0
0
0
0
0
0
0
0
0
0
0
0
0
0
0
0
0
0
0
0
0
0
0
0
0
0
0
0
0
0
0
0
0
0
0
0
0
0
0
0
0
0
0
0
0
0
0
0
0
0
0
0
0
0
0
0
0
0
0
0
0
0
0
0
0
0
0
0
0
0
0
0
0
0
0
0
0
0
0
0
0
0
0
0
0
0
0
0
0
0
0
0
0
0
0
0
0
0
0
0
0
0
0
0
0
0
0
0
0
0
0
0
0
0
0
0
0
0
0
0
0
0
0
0
0
0
0
0
0
0
0
0
0
0
0
0
0
0
0
0
0
0
0
0
0
0
0
0
0
0
0
0
0
0
0
0
0
0
0
0
0
0
0
0
0
0
0
0
0
0
0
0
0
0
0
0
0
0
0
0
0
0
0
0
0
0
0
0
0
0
0
0
0
0
0
0
0
0
0
0
0
0
0
0
0
0
0
0
0
0
0
0
0
0
0
0
0
0
0
0
0
0
0
0
0
0
0
0
0
0
0
0
0
0
0
0
0
0
0
0
0
0
0
0
0
0
0
0
0
0
0
0
0
0
0
0
0
0
0
0
0
0
0
0
0
0
0
0
0
0
0
0
0
0
0
0
0
0
0
0
0
0
0
0
0
0
0
0
0
0
0
0
0
0
0
0
0
0
0
0
0
0
0
0
0
0
0
0
0
0
0
0
0
0
0
0
0
0
0
0
0
0
0
0
0
0
0
0
0
0
0
0
0
0
0
0
0
0
0
0
0
0
0
0
0
0
0
0
0
0
0
0
0
0
0
0
0
0
0
0
0
0
0
0
0
0
0
0
0
0
0
0
0
0
0
0
0
0
0
0
0
0
0
0
0
0
0
0
0
0
0
0
0
0
0
0
0
0
0
0
0
0
0
0
0
0
0
0
0
0
0
0
0
0
0
0
0
0
0
0
0
0
0
0
0
0
0
0
0
0
0
0
0
0
0
0
0
0
0
0
0
0
0
0
0
0
0
0
0
0
0
0
0
0
0
0
0
0
0
0
0
0
0
0
0
0
0
0
0
0
0
0
0
0
0
0
0
0
0
0
0
0
0
0
0
0
0
0
0
0
0
0
0
0
0
0
0
0
0
0
0
0
0
0
0
0
0
0
0
0
0
0
0
0
0
0
0
0
0
0
0
0
0
0
0
0
0
0
0
0
0
0
0
0
0
0
0
0
0
0
0
0
0
0
0
0
0
0
0
0
0
0
0
0
0
0
0
0
0
0
0
0
0
0
0
0
0
0
0
0
0
0
0
0
0
0
0
0
0
0
0
0
0
0
0
0
0
0
0
0
0
0
0
0
0
0
0
0
0
0
0
0
0
0
0
0
0
0
0
0
0
0
0
0
0
0
0
0
0
0
0
0
0
0
0
0
0
0
0
0
0
0
0
0
0
0
0
0
0
0
0
0
0
0
0
0
0
0
0
0
0
0
0
0
0
0
0
0
0
0
0
0
0
0
0
0
0
0
0
0
0
0
0
0
0
0
0
0
0
0
0
0
0
0
0
0
0
0
0
0
0
0
0
0
0
0
0
0
0
0
0
0
0
0
0
0
0
0
0
0
0
0
0
0
0
0
0
0
0
0
0
0
0
0
0
0
0
0
0
0
0
0
0
0
0
0
0
0
0
0
0
0
0
0
0
0
0
0
0
0
0
0
0
0
0
0
0
0
0
0
0
0
0
0
0
0
0
0
0
0
0
0
0
0
0
0
0
0
0
0
0
0
0
0
0
0
0
0
0
0
0
0
0
0
0
0
0
0
0
0
0
0
0
0
0
0
0
0
0
0
0
0
0
0
0
0
0
0
0
0
0
0
0
0
0
0
0
0
0
0
0
0
0
0
0
0
0
0
0
0
0
0
0
0
0
0
0
0
0
0
0
0
0
0
0
0
0
0
0
0
0
0
0
0
0
0
0
0
0
0
0
0
0
0
0
0
0
0
0
0
0
0
0
0
0
0
0
0
0
0
0
0
0
0
0
0
0
0
0
0
0
0
0
0
0
0
0
0
0
0
0
0
0
0
0
0
0
0
0
0
0
0
0
0
0
0
0
0
0
0
0
0
0
0
0
0
0
0
0
0
0
0
0
0
0
0
0
0
0
0
0
0
0
0
0
0
0
0
0
0
0
0
0
0
0
0
0
0
0
0
0
0
0
0
0
0
0
0
0
0
0
0
0
0
0
0
0
0
0
0
0
0
0
0
0
0
0
0
0
0
0
0
0
0
0
0
0
0
0
0
0
0
0
0
0
0
0
0
0
0
0
0
0
0
0
0
0
0
0
0
0
0
0
0
0
0
0
0
0
0
0
0
0
0
0
0
0
0
0
0
0
0
0
0
0
0
0
0
0
0
0
0
0
0
0
0
0
0
0
0
0
0
0
0
0
0
0
0
0
0
0
0
0
0
0
0
0
0
0
0
0
0
0
0
0
0
0
0
0
0
0
0
0
0
0
0
0
0
0
0
0
0
0
0
0
0
0
0
0
0
0
0
0
0
0
0
0
0
0
0
0
0
0
0
0
0
0
0
0
0
0
0
0
0
0
0
0
0
0
0
0
0
0
0
0
0
0
0
0
0
0
0
0
0
0
0
0
0
0
0
0
0
0
0
0
0
0
0
0
0
0
0
0
0
0
0
0
0
0
0
0
0
0
0
0
0
0
0
0
0
0
0
0
0
0
0
0
0
0
0
0
0
0
0
0
0
0
0
0
0
0
0
0
0
0
0
0
0
0
0
0
0
0
0
0
0
0
0
0
0
0
0
0
0
0
0
0
0
0
0
0
0
0
0
0
0
0
0
0
0
0
0
0
0
0
0
0
0
0
0
0
0
0
0
0
0
0
0
0
0
0
0
0
0
0
0
0
0
0
0
0
0
0
0
0
0
0
0
0
0
0
0
0
0
0
0
0
0
0
0
0
0
0
0
0
0
0
0
0
0
0
0
0
0
0
0
0
0
0
0
0
0
0
0
0
0
0
0
0
0
0
0
0
0
0
0
0
0
0
0
0
0
0
0
0
0
0
0
0
0
0
0
0
0
0
0
0
0
0
0
0
0
0
0
0
0
0
0
0
0
0
0
0
0
0
0
0
0
0
0
0
0
0
0
0
0
0
0
0
0
0
0
0
0
0
0
0
0
0
0
0
0
0
0
0
0
0
0
0
0
0
0
0
0
0
0
0
0
0
0
0
0
0
0
0
0
0
0
0
0
0
0
0
0
0
0
0
0
0
0
0
0
0
0
0
0
0
0
0
0
0
0
0
0
0
0
0
0
0
0
0
0
0
0
0
0
0
0
0
0
0
0
0
0
0
0
0
0
0
0
0
0
0
0
0
0
0
0
0
0
0
0
0
0
0
0
0
0
0
0
0
0
0
0
0
0
0
0
0
0
0
0
0
0
0
0
0
0
0
0
0
0
0
0
0
0
0
0
0
0
0
0
0
0
0
0
0
0
0
0
0
0
0
0
0
0
0
0
0
0
0
0
0
0
0
0
0
0
0
0
0
0
0
0
0
0
0
0
0
0
0
0
0
0
0
0
0
0
0
0
0
0
0
0
0
0
0
0
0
0
0
0
0
0
0
0
0
0
0
0
0
0
0
0
0
0
0
0
0
0
0
0
0
0
0
0
0
0
0
0
0
0
0
0
0
0
0
0
0
0
0
0
0
0
0
0
0
0
0
0
0
0
0
0
0
0
0
0
0
0
0
0
0
0
0
0
0
0
0
0
0
0
0
0
0
0
0
0
0
0
0
0
0
0
0
0
0
0
0
0
0
0
0
0
0
0
0
0
0
0
0
0
0
0
0
0
0
0
0
0
0
0
0
0
0
0
0
0
0
0
0
0
0
0
0
0
0
0
0
0
0
0
0
0
0
0
0
0
0
0
0
0
0
0
0
0
0
0
0
0
0
0
0
0
0
0
0
0
0
0
0
0
0
0
0
0
0
0
0
0
0
0
0
0
0
0
0
0
0
0
0
0
0
0
0
0
0
0
0
0
0
0
0
0
0
0
0
0
0
0
0
0
0
0
0
0
0
0
0
0
0
0
0
0
0
0
0
0
0
0
0
0
0
0
0
0
0
0
0
0
0
0
0
0
0
0
0
0
0
0
0
0
0
0
0
0
0
0
0
0
0
0
0
0
0
0
0
0
0
0
0
0
0
0
0
