2314885530830970912
551493664
35322362535968
551493664
2314885530830905376
551428128
35322362470432
551428128
2314885530830774304
551297056
35322362339360
551297056
2314885530830774304
551297056
35322362339360
551297056
2314885530830512160
551034912
35322362077216
551034912
2314885530830512160
551034912
35322362077216
551034912
2314885530830512160
551034912
35322362077216
551034912
2314885530830512160
551034912
35322362077216
551034912
2314885530829987872
550510624
35322361552928
550510624
2314885530829987872
550510624
35322361552928
550510624
2314885530829987872
550510624
35322361552928
550510624
2314885530829987872
550510624
35322361552928
550510624
2314885530829987872
550510624
35322361552928
550510624
2314885530829987872
550510624
35322361552928
550510624
2314885530829987872
550510624
35322361552928
550510624
2314885530829987872
550510624
35322361552928
550510624
2314885530830970880
551493632
35322362535936
551493632
2314885530830905344
551428096
35322362470400
551428096
2314885530830774272
551297024
35322362339328
551297024
2314885530830774272
551297024
35322362339328
551297024
2314885530830512128
551034880
35322362077184
551034880
2314885530830512128
551034880
35322362077184
551034880
2314885530830512128
551034880
35322362077184
551034880
2314885530830512128
551034880
35322362077184
551034880
2314885530829987840
550510592
35322361552896
550510592
2314885530829987840
550510592
35322361552896
550510592
2314885530829987840
550510592
35322361552896
550510592
2314885530829987840
550510592
35322361552896
550510592
2314885530829987840
550510592
35322361552896
550510592
2314885530829987840
550510592
35322361552896
550510592
2314885530829987840
550510592
35322361552896
550510592
2314885530829987840
550510592
35322361552896
550510592
2314885530822582304
543105056
35322354147360
543105056
2314885530822516768
543039520
35322354081824
543039520
2314885530822385696
542908448
35322353950752
542908448
2314885530822385696
542908448
35322353950752
542908448
2314885530822123552
542646304
35322353688608
542646304
2314885530822123552
542646304
35322353688608
542646304
2314885530822123552
542646304
35322353688608
542646304
2314885530822123552
542646304
35322353688608
542646304
2314885530821599264
542122016
35322353164320
542122016
2314885530821599264
542122016
35322353164320
542122016
2314885530821599264
542122016
35322353164320
542122016
2314885530821599264
542122016
35322353164320
542122016
2314885530821599264
542122016
35322353164320
542122016
2314885530821599264
542122016
35322353164320
542122016
2314885530821599264
542122016
35322353164320
542122016
2314885530821599264
542122016
35322353164320
542122016
2314885530822582272
543105024
35322354147328
543105024
2314885530822516736
543039488
35322354081792
543039488
2314885530822385664
542908416
35322353950720
542908416
2314885530822385664
542908416
35322353950720
542908416
2314885530822123520
542646272
35322353688576
542646272
2314885530822123520
542646272
35322353688576
542646272
2314885530822123520
542646272
35322353688576
542646272
2314885530822123520
542646272
35322353688576
542646272
2314885530821599232
542121984
35322353164288
542121984
2314885530821599232
542121984
35322353164288
542121984
2314885530821599232
542121984
35322353164288
542121984
2314885530821599232
542121984
35322353164288
542121984
2314885530821599232
542121984
35322353164288
542121984
2314885530821599232
542121984
35322353164288
542121984
2314885530821599232
542121984
35322353164288
542121984
2314885530821599232
542121984
35322353164288
542121984
137990447136
551493664
137990447136
551493664
137990381600
551428128
137990381600
551428128
137990250528
551297056
137990250528
551297056
137990250528
551297056
137990250528
551297056
137989988384
551034912
137989988384
551034912
137989988384
551034912
137989988384
551034912
137989988384
551034912
137989988384
551034912
137989988384
551034912
137989988384
551034912
137989464096
550510624
137989464096
550510624
137989464096
550510624
137989464096
550510624
137989464096
550510624
137989464096
550510624
137989464096
550510624
137989464096
550510624
137989464096
550510624
137989464096
550510624
137989464096
550510624
137989464096
550510624
137989464096
550510624
137989464096
550510624
137989464096
550510624
137989464096
550510624
137990447104
551493632
137990447104
551493632
137990381568
551428096
137990381568
551428096
137990250496
551297024
137990250496
551297024
137990250496
551297024
137990250496
551297024
137989988352
551034880
137989988352
551034880
137989988352
551034880
137989988352
551034880
137989988352
551034880
137989988352
551034880
137989988352
551034880
137989988352
551034880
137989464064
550510592
137989464064
550510592
137989464064
550510592
137989464064
550510592
137989464064
550510592
137989464064
550510592
137989464064
550510592
137989464064
550510592
137989464064
550510592
137989464064
550510592
137989464064
550510592
137989464064
550510592
137989464064
550510592
137989464064
550510592
137989464064
550510592
137989464064
550510592
137982058528
543105056
137982058528
543105056
137981992992
543039520
137981992992
543039520
137981861920
542908448
137981861920
542908448
137981861920
542908448
137981861920
542908448
137981599776
542646304
137981599776
542646304
137981599776
542646304
137981599776
542646304
137981599776
542646304
137981599776
542646304
137981599776
542646304
137981599776
542646304
137981075488
542122016
137981075488
542122016
137981075488
542122016
137981075488
542122016
137981075488
542122016
137981075488
542122016
137981075488
542122016
137981075488
542122016
137981075488
542122016
137981075488
542122016
137981075488
542122016
137981075488
542122016
137981075488
542122016
137981075488
542122016
137981075488
542122016
137981075488
542122016
137982058496
543105024
137982058496
543105024
137981992960
543039488
137981992960
543039488
137981861888
542908416
137981861888
542908416
137981861888
542908416
137981861888
542908416
137981599744
542646272
137981599744
542646272
137981599744
542646272
137981599744
542646272
137981599744
542646272
137981599744
542646272
137981599744
542646272
137981599744
542646272
137981075456
542121984
137981075456
542121984
137981075456
542121984
137981075456
542121984
137981075456
542121984
137981075456
542121984
137981075456
542121984
137981075456
542121984
137981075456
542121984
137981075456
542121984
137981075456
542121984
137981075456
542121984
137981075456
542121984
137981075456
542121984
137981075456
542121984
137981075456
542121984
9042521617276960
551493664
35322362535968
551493664
9042521617211424
551428128
35322362470432
551428128
9042521617080352
551297056
35322362339360
551297056
9042521617080352
551297056
35322362339360
551297056
9042521616818208
551034912
35322362077216
551034912
9042521616818208
551034912
35322362077216
551034912
9042521616818208
551034912
35322362077216
551034912
9042521616818208
551034912
35322362077216
551034912
9042521616293920
550510624
35322361552928
550510624
9042521616293920
550510624
35322361552928
550510624
9042521616293920
550510624
35322361552928
550510624
9042521616293920
550510624
35322361552928
550510624
9042521616293920
550510624
35322361552928
550510624
9042521616293920
550510624
35322361552928
550510624
9042521616293920
550510624
35322361552928
550510624
9042521616293920
550510624
35322361552928
550510624
9042521617276928
551493632
35322362535936
551493632
9042521617211392
551428096
35322362470400
551428096
9042521617080320
551297024
35322362339328
551297024
9042521617080320
551297024
35322362339328
551297024
9042521616818176
551034880
35322362077184
551034880
9042521616818176
551034880
35322362077184
551034880
9042521616818176
551034880
35322362077184
551034880
9042521616818176
551034880
35322362077184
551034880
9042521616293888
550510592
35322361552896
550510592
9042521616293888
550510592
35322361552896
550510592
9042521616293888
550510592
35322361552896
550510592
9042521616293888
550510592
35322361552896
550510592
9042521616293888
550510592
35322361552896
550510592
9042521616293888
550510592
35322361552896
550510592
9042521616293888
550510592
35322361552896
550510592
9042521616293888
550510592
35322361552896
550510592
9042521608888352
543105056
35322354147360
543105056
9042521608822816
543039520
35322354081824
543039520
9042521608691744
542908448
35322353950752
542908448
9042521608691744
542908448
35322353950752
542908448
9042521608429600
542646304
35322353688608
542646304
9042521608429600
542646304
35322353688608
542646304
9042521608429600
542646304
35322353688608
542646304
9042521608429600
542646304
35322353688608
542646304
9042521607905312
542122016
35322353164320
542122016
9042521607905312
542122016
35322353164320
542122016
9042521607905312
542122016
35322353164320
542122016
9042521607905312
542122016
35322353164320
542122016
9042521607905312
542122016
35322353164320
542122016
9042521607905312
542122016
35322353164320
542122016
9042521607905312
542122016
35322353164320
542122016
9042521607905312
542122016
35322353164320
542122016
9042521608888320
543105024
35322354147328
543105024
9042521608822784
543039488
35322354081792
543039488
9042521608691712
542908416
35322353950720
542908416
9042521608691712
542908416
35322353950720
542908416
9042521608429568
542646272
35322353688576
542646272
9042521608429568
542646272
35322353688576
542646272
9042521608429568
542646272
35322353688576
542646272
9042521608429568
542646272
35322353688576
542646272
9042521607905280
542121984
35322353164288
542121984
9042521607905280
542121984
35322353164288
542121984
9042521607905280
542121984
35322353164288
542121984
9042521607905280
542121984
35322353164288
542121984
9042521607905280
542121984
35322353164288
542121984
9042521607905280
542121984
35322353164288
542121984
9042521607905280
542121984
35322353164288
542121984
9042521607905280
542121984
35322353164288
542121984
137990447136
551493664
137990447136
551493664
137990381600
551428128
137990381600
551428128
137990250528
551297056
137990250528
551297056
137990250528
551297056
137990250528
551297056
137989988384
551034912
137989988384
551034912
137989988384
551034912
137989988384
551034912
137989988384
551034912
137989988384
551034912
137989988384
551034912
137989988384
551034912
137989464096
550510624
137989464096
550510624
137989464096
550510624
137989464096
550510624
137989464096
550510624
137989464096
550510624
137989464096
550510624
137989464096
550510624
137989464096
550510624
137989464096
550510624
137989464096
550510624
137989464096
550510624
137989464096
550510624
137989464096
550510624
137989464096
550510624
137989464096
550510624
137990447104
551493632
137990447104
551493632
137990381568
551428096
137990381568
551428096
137990250496
551297024
137990250496
551297024
137990250496
551297024
137990250496
551297024
137989988352
551034880
137989988352
551034880
137989988352
551034880
137989988352
551034880
137989988352
551034880
137989988352
551034880
137989988352
551034880
137989988352
551034880
137989464064
550510592
137989464064
550510592
137989464064
550510592
137989464064
550510592
137989464064
550510592
137989464064
550510592
137989464064
550510592
137989464064
550510592
137989464064
550510592
137989464064
550510592
137989464064
550510592
137989464064
550510592
137989464064
550510592
137989464064
550510592
137989464064
550510592
137989464064
550510592
137982058528
543105056
137982058528
543105056
137981992992
543039520
137981992992
543039520
137981861920
542908448
137981861920
542908448
137981861920
542908448
137981861920
542908448
137981599776
542646304
137981599776
542646304
137981599776
542646304
137981599776
542646304
137981599776
542646304
137981599776
542646304
137981599776
542646304
137981599776
542646304
137981075488
542122016
137981075488
542122016
137981075488
542122016
137981075488
542122016
137981075488
542122016
137981075488
542122016
137981075488
542122016
137981075488
542122016
137981075488
542122016
137981075488
542122016
137981075488
542122016
137981075488
542122016
137981075488
542122016
137981075488
542122016
137981075488
542122016
137981075488
542122016
137982058496
543105024
137982058496
543105024
137981992960
543039488
137981992960
543039488
137981861888
542908416
137981861888
542908416
137981861888
542908416
137981861888
542908416
137981599744
542646272
137981599744
542646272
137981599744
542646272
137981599744
542646272
137981599744
542646272
137981599744
542646272
137981599744
542646272
137981599744
542646272
137981075456
542121984
137981075456
542121984
137981075456
542121984
137981075456
542121984
137981075456
542121984
137981075456
542121984
137981075456
542121984
137981075456
542121984
137981075456
542121984
137981075456
542121984
137981075456
542121984
137981075456
542121984
137981075456
542121984
137981075456
542121984
137981075456
542121984
137981075456
542121984
0
0
0
0
0
0
0
0
0
0
0
0
0
0
0
0
0
0
0
0
0
0
0
0
0
0
0
0
0
0
0
0
0
0
0
0
0
0
0
0
0
0
0
0
0
0
0
0
0
0
0
0
0
0
0
0
0
0
0
0
0
0
0
0
0
0
0
0
0
0
0
0
0
0
0
0
0
0
0
0
0
0
0
0
0
0
0
0
0
0
0
0
0
0
0
0
0
0
0
0
0
0
0
0
0
0
0
0
0
0
0
0
0
0
0
0
0
0
0
0
0
0
0
0
0
0
0
0
0
0
0
0
0
0
0
0
0
0
0
0
0
0
0
0
0
0
0
0
0
0
0
0
0
0
0
0
0
0
0
0
0
0
0
0
0
0
0
0
0
0
0
0
0
0
0
0
0
0
0
0
0
0
0
0
0
0
0
0
0
0
0
0
0
0
0
0
0
0
0
0
0
0
0
0
0
0
0
0
0
0
0
0
0
0
0
0
0
0
0
0
0
0
0
0
0
0
0
0
0
0
0
0
0
0
0
0
0
0
0
0
0
0
0
0
0
0
0
0
0
0
0
0
0
0
0
0
0
0
0
0
0
0
0
0
0
0
0
0
0
0
0
0
0
0
0
0
0
0
0
0
0
0
0
0
0
0
0
0
0
0
0
0
0
0
0
0
0
0
0
0
0
0
0
0
0
0
0
0
0
0
0
0
0
0
0
0
0
0
0
0
0
0
0
0
0
0
0
0
0
0
0
0
0
0
0
0
0
0
0
0
0
0
0
0
0
0
0
0
0
0
0
0
0
0
0
0
0
0
0
0
0
0
0
0
0
0
0
0
0
0
0
0
0
0
0
0
0
0
0
0
0
0
0
0
0
0
0
0
0
0
0
0
0
0
0
0
0
0
0
0
0
0
0
0
0
0
0
0
0
0
0
0
0
0
0
0
0
0
0
0
0
0
0
0
0
0
0
0
0
0
0
0
0
0
0
0
0
0
0
0
0
0
0
0
0
0
0
0
0
0
0
0
0
0
0
0
0
0
0
0
0
0
0
0
0
0
0
0
0
0
0
0
0
0
0
0
0
0
0
0
0
0
0
0
0
0
0
0
0
0
0
0
0
0
0
0
0
0
0
0
0
0
0
0
0
0
0
0
0
0
0
0
0
0
0
0
0
0
0
0
0
0
0
0
0
0
0
0
0
0
0
0
0
0
0
0
0
0
0
0
0
0
0
0
0
0
0
0
0
0
0
0
0
0
0
0
0
0
0
0
0
0
0
0
0
0
0
0
0
0
0
0
0
0
0
0
0
0
0
0
0
0
0
0
0
0
0
0
0
0
0
0
0
0
0
0
0
0
0
0
0
0
0
0
0
0
0
0
0
0
0
0
0
0
0
0
0
0
0
0
0
0
0
0
0
0
0
0
0
0
0
0
0
0
0
0
0
0
0
0
0
0
0
0
0
0
0
0
0
0
0
0
0
0
0
0
0
0
0
0
0
0
0
0
0
0
0
0
0
0
0
0
0
0
0
0
0
0
0
0
0
0
0
0
0
0
0
0
0
0
0
0
0
0
0
0
0
0
0
0
0
0
0
0
0
0
0
0
0
0
0
0
0
0
0
0
0
0
0
0
0
0
0
0
0
0
0
0
0
0
0
0
0
0
0
0
0
0
0
0
0
0
0
0
0
0
0
0
0
0
0
0
0
0
0
0
0
0
0
0
0
0
0
0
0
0
0
0
0
0
0
0
0
0
0
0
0
0
0
0
0
0
0
0
0
0
0
0
0
0
0
0
0
0
0
0
0
0
0
0
0
0
0
0
0
0
0
0
0
0
0
0
0
0
0
0
0
0
0
0
0
0
0
0
0
0
0
0
0
0
0
0
0
0
0
0
0
0
0
0
0
0
0
0
0
0
0
0
0
0
0
0
0
0
0
0
0
0
0
0
0
0
0
0
0
0
0
0
0
0
0
0
0
0
0
0
0
0
0
0
0
0
0
0
0
0
0
0
0
0
0
0
0
0
0
0
0
0
0
0
0
0
0
0
0
0
0
0
0
0
0
0
0
0
0
0
0
0
0
0
0
0
0
0
0
0
0
0
0
0
0
0
0
0
0
0
0
0
0
0
0
0
0
0
0
0
0
0
0
0
0
0
0
0
0
0
0
0
0
0
0
0
0
0
0
0
0
0
0
0
0
0
0
0
0
0
0
0
0
0
0
0
0
0
0
0
0
0
0
0
0
0
0
0
0
0
0
0
0
0
0
0
0
0
0
0
0
0
0
0
0
0
0
0
0
0
0
0
0
0
0
0
0
0
0
0
0
0
0
0
0
0
0
0
0
0
0
0
0
0
0
0
0
0
0
0
0
0
0
0
0
0
0
0
0
0
0
0
0
0
0
0
0
0
0
0
0
0
0
0
0
0
0
0
0
0
0
0
0
0
0
0
0
0
0
0
0
0
0
0
0
0
0
0
0
0
0
0
0
0
0
0
0
0
0
0
0
0
0
0
0
0
0
0
0
0
0
0
0
0
0
0
0
0
0
0
0
0
0
0
0
0
0
0
0
0
0
0
0
0
0
0
0
0
0
0
0
0
0
0
0
0
0
0
0
0
0
0
0
0
0
0
0
0
0
0
0
0
0
0
0
0
0
0
0
0
0
0
0
0
0
0
0
0
0
0
0
0
0
0
0
0
0
0
0
0
0
0
0
0
0
0
0
0
0
0
0
0
0
0
0
0
0
0
0
0
0
0
0
0
0
0
0
0
0
0
0
0
0
0
0
0
0
0
0
0
0
0
0
0
0
0
0
0
0
0
0
0
0
0
0
0
0
0
0
0
0
0
0
0
0
0
0
0
0
0
0
0
0
0
0
0
0
0
0
0
0
0
0
0
0
0
0
0
0
0
0
0
0
0
0
0
0
0
0
0
0
0
0
0
0
0
0
0
0
0
0
0
0
0
0
0
0
0
0
0
0
0
0
0
0
0
0
0
0
0
0
0
0
0
0
0
0
0
0
0
0
0
0
0
0
0
0
0
0
0
0
0
0
0
0
0
0
0
0
0
0
0
0
0
0
0
0
0
0
0
0
0
0
0
0
0
0
0
0
0
0
0
0
0
0
0
0
0
0
0
0
0
0
0
0
0
0
0
0
0
0
0
0
0
0
0
0
0
0
0
0
0
0
0
0
0
0
0
0
0
0
0
0
0
0
0
0
0
0
0
0
0
0
0
0
0
0
0
0
0
0
0
0
0
0
0
0
0
0
0
0
0
0
0
0
0
0
0
0
0
0
0
0
0
0
0
0
0
0
0
0
0
0
0
0
0
0
0
0
0
0
0
0
0
0
0
0
0
0
0
0
0
0
0
0
0
0
0
0
0
0
0
0
0
0
0
0
0
0
0
0
0
0
0
0
0
0
0
0
0
0
0
0
0
0
0
0
0
0
0
0
0
0
0
0
0
0
0
0
0
0
0
0
0
0
0
0
0
0
0
0
0
0
0
0
0
0
0
0
0
0
0
0
0
0
0
0
0
0
0
0
0
0
0
0
0
0
0
0
0
0
0
0
0
0
0
0
0
0
0
0
0
0
0
0
0
0
0
0
0
0
0
0
0
0
0
0
0
0
0
0
0
0
0
0
0
0
0
0
0
0
0
0
0
0
0
0
0
0
0
0
0
0
0
0
0
0
0
0
0
0
0
0
0
0
0
0
0
0
0
0
0
0
0
0
0
0
0
0
0
0
0
0
0
0
0
0
0
0
0
0
0
0
0
0
0
0
0
0
0
0
0
0
0
0
0
0
0
0
0
0
0
0
0
0
0
0
0
0
0
0
0
0
0
0
0
0
0
0
0
0
0
0
0
0
0
0
0
0
0
0
0
0
0
0
0
0
0
0
0
0
0
0
0
0
0
0
0
0
0
0
0
0
0
0
0
0
0
0
0
0
0
0
0
0
0
0
0
0
0
0
0
0
0
0
0
0
0
0
0
0
0
0
0
0
0
0
0
0
0
0
0
0
0
0
0
0
0
0
0
0
0
0
0
0
0
0
0
0
0
0
0
0
0
0
0
0
0
0
0
0
0
0
0
0
0
0
0
0
0
0
0
0
0
0
0
0
0
0
0
0
0
0
0
0
0
0
0
0
0
0
0
0
0
0
0
0
0
0
0
0
0
0
0
0
0
0
0
0
0
0
0
0
0
0
0
0
0
0
0
0
0
0
0
0
0
0
0
0
0
0
0
0
0
0
0
0
0
0
0
0
0
0
0
0
0
0
0
0
0
0
0
0
0
0
0
0
0
0
0
0
0
0
0
0
0
0
0
0
0
0
0
0
0
0
0
0
0
0
0
0
0
0
0
0
0
0
0
0
0
0
0
0
0
0
0
0
0
0
0
0
0
0
0
0
0
0
0
0
0
0
0
0
0
0
0
0
0
0
0
0
0
0
0
0
0
0
0
0
0
0
0
0
0
0
0
0
0
0
0
0
0
0
0
0
0
0
0
0
0
0
0
0
0
0
0
0
0
0
0
0
0
0
0
0
0
0
0
0
0
0
0
0
0
0
0
0
0
0
0
0
0
0
0
0
0
0
0
0
0
0
0
0
0
0
0
0
0
0
0
0
0
0
0
0
0
0
0
0
0
0
0
0
0
0
0
0
0
0
0
0
0
0
0
0
0
0
0
0
0
0
0
0
0
0
0
0
0
0
0
0
0
0
0
0
0
0
0
0
0
0
0
0
0
0
0
0
0
0
0
0
0
0
0
0
0
0
0
0
0
0
0
0
0
0
0
0
0
0
0
0
0
0
0
0
0
0
0
0
0
0
0
0
0
0
0
0
0
0
0
0
0
0
0
0
0
0
0
0
0
0
0
0
0
0
0
0
0
0
0
0
0
0
0
0
0
0
0
0
0
0
0
0
0
0
0
0
0
0
0
0
0
0
0
0
0
0
0
0
0
0
0
0
0
0
0
0
0
0
0
0
0
0
0
0
0
0
0
0
0
0
0
0
0
0
0
0
0
0
0
0
0
0
0
0
0
0
0
0
0
0
0
0
0
0
0
0
0
0
0
0
0
0
0
0
0
0
0
0
0
0
0
0
0
0
0
0
0
0
0
0
0
0
0
0
0
0
0
0
0
0
0
0
0
0
0
0
0
0
0
0
0
0
0
0
0
0
0
0
0
0
0
0
0
0
0
0
0
0
0
0
0
0
0
0
0
0
0
0
0
0
0
0
0
0
0
0
0
0
0
0
0
0
0
0
0
0
0
0
0
0
0
0
0
0
0
0
0
0
0
0
0
0
0
0
0
0
0
0
0
0
0
0
0
0
0
0
0
0
0
0
0
0
0
0
0
0
0
0
0
0
0
0
0
0
0
0
0
0
0
0
0
0
0
0
0
0
0
0
0
0
0
0
0
0
0
0
0
0
0
0
0
0
0
0
0
0
0
0
0
0
0
0
0
0
0
0
0
0
0
0
0
0
0
0
0
0
0
0
0
0
0
0
0
0
0
0
0
0
0
0
0
0
0
0
0
0
0
0
0
0
0
0
0
0
0
0
0
0
0
0
0
0
0
0
0
0
0
0
0
0
0
0
0
0
0
0
0
0
0
0
0
0
0
0
0
0
0
0
0
0
0
0
0
0
0
0
0
0
0
0
0
0
0
0
0
0
0
0
0
0
0
0
0
0
0
0
0
0
0
0
0
0
0
0
0
0
0
0
0
0
0
0
0
0
0
0
0
0
0
0
0
0
0
0
0
0
0
0
0
0
0
0
0
0
0
0
0
0
0
0
0
0
0
0
0
0
0
0
0
0
0
0
0
0
0
0
0
0
0
0
0
0
0
0
0
0
0
0
0
0
0
0
0
0
0
0
0
0
0
0
0
0
0
0
0
0
0
0
0
0
0
0
0
0
0
0
0
0
0
0
0
0
0
0
0
0
0
0
0
0
0
0
0
0
0
0
0
0
0
0
0
0
0
0
0
0
0
0
0
0
0
0
0
0
0
0
0
0
0
0
0
0
0
0
0
0
0
0
0
0
0
0
0
0
0
0
0
0
0
0
0
0
0
0
0
0
0
0
0
0
0
0
0
0
0
0
0
0
0
0
0
0
0
0
0
0
0
0
0
0
0
0
0
0
0
0
0
0
0
0
0
0
0
0
0
0
0
0
0
0
0
0
0
0
0
0
0
0
0
0
0
0
0
0
0
0
0
0
0
0
0
0
0
0
0
0
0
0
0
0
0
0
0
0
0
0
0
0
0
0
0
0
0
0
0
0
0
0
0
0
0
0
0
0
0
0
0
0
0
0
0
0
0
0
0
0
0
0
0
0
0
0
0
0
0
0
0
0
0
0
0
0
0
0
0
0
0
0
0
0
0
0
0
0
0
0
0
0
0
0
0
0
0
0
0
0
0
0
0
0
0
0
0
0
0
0
0
0
0
0
0
0
0
0
0
0
0
0
0
0
0
0
0
0
0
0
0
0
0
0
0
0
0
0
0
0
0
0
0
0
0
0
0
0
0
0
0
0
0
0
0
0
0
0
0
0
0
0
0
0
0
0
0
0
0
0
0
0
0
0
0
0
0
0
0
0
0
0
0
0
0
0
0
0
0
0
0
0
0
0
0
0
0
0
0
0
0
0
0
0
0
0
0
0
0
0
0
0
0
0
0
0
0
0
0
0
0
0
0
0
0
0
0
0
0
0
0
0
0
0
0
0
0
0
0
0
0
0
0
0
0
0
0
0
0
0
0
0
0
0
0
0
0
0
0
0
0
0
0
0
0
0
0
0
0
0
0
0
0
0
0
0
0
0
0
0
0
0
0
0
0
0
0
0
0
0
0
0
0
0
0
0
0
0
0
0
0
0
0
0
0
0
0
0
0
0
0
0
0
0
0
0
0
0
0
0
0
0
0
0
0
0
0
0
0
