72340177082712321
72340177082712320
1108068073729
1108068073728
6408962048
6408962048
6408962048
6408962048
72340172854853889
72340172854853888
1103840215297
1103840215296
4328587264
4328587264
4328587264
4328587264
72340172921962753
72340172921962752
1103907324161
1103907324160
4395696128
4395696128
4395696128
4395696128
72340172854853889
72340172854853888
1103840215297
1103840215296
4328587264
4328587264
4328587264
4328587264
72340173056180481
72340173056180480
1104041541889
1104041541888
4529913856
4529913856
4529913856
4529913856
72340172854853889
72340172854853888
1103840215297
1103840215296
4328587264
4328587264
4328587264
4328587264
72340172921962753
72340172921962752
1103907324161
1103907324160
4395696128
4395696128
4395696128
4395696128
72340172854853889
72340172854853888
1103840215297
1103840215296
4328587264
4328587264
4328587264
4328587264
72340173324615937
72340173324615936
1104309977345
1104309977344
4798349312
4798349312
4798349312
4798349312
72340172854853889
72340172854853888
1103840215297
1103840215296
4328587264
4328587264
4328587264
4328587264
72340172921962753
72340172921962752
1103907324161
1103907324160
4395696128
4395696128
4395696128
4395696128
72340172854853889
72340172854853888
1103840215297
1103840215296
4328587264
4328587264
4328587264
4328587264
72340173056180481
72340173056180480
1104041541889
1104041541888
4529913856
4529913856
4529913856
4529913856
72340172854853889
72340172854853888
1103840215297
1103840215296
4328587264
4328587264
4328587264
4328587264
72340172921962753
72340172921962752
1103907324161
1103907324160
4395696128
4395696128
4395696128
4395696128
72340172854853889
72340172854853888
1103840215297
1103840215296
4328587264
4328587264
4328587264
4328587264
72340173861486849
72340173861486848
1104846848257
1104846848256
5335220224
5335220224
5335220224
5335220224
72340172854853889
72340172854853888
1103840215297
1103840215296
4328587264
4328587264
4328587264
4328587264
72340172921962753
72340172921962752
1103907324161
1103907324160
4395696128
4395696128
4395696128
4395696128
72340172854853889
72340172854853888
1103840215297
1103840215296
4328587264
4328587264
4328587264
4328587264
72340173056180481
72340173056180480
1104041541889
1104041541888
4529913856
4529913856
4529913856
4529913856
72340172854853889
72340172854853888
1103840215297
1103840215296
4328587264
4328587264
4328587264
4328587264
72340172921962753
72340172921962752
1103907324161
1103907324160
4395696128
4395696128
4395696128
4395696128
72340172854853889
72340172854853888
1103840215297
1103840215296
4328587264
4328587264
4328587264
4328587264
72340173324615937
72340173324615936
1104309977345
1104309977344
4798349312
4798349312
4798349312
4798349312
72340172854853889
72340172854853888
1103840215297
1103840215296
4328587264
4328587264
4328587264
4328587264
72340172921962753
72340172921962752
1103907324161
1103907324160
4395696128
4395696128
4395696128
4395696128
72340172854853889
72340172854853888
1103840215297
1103840215296
4328587264
4328587264
4328587264
4328587264
72340173056180481
72340173056180480
1104041541889
1104041541888
4529913856
4529913856
4529913856
4529913856
72340172854853889
72340172854853888
1103840215297
1103840215296
4328587264
4328587264
4328587264
4328587264
72340172921962753
72340172921962752
1103907324161
1103907324160
4395696128
4395696128
4395696128
4395696128
72340172854853889
72340172854853888
1103840215297
1103840215296
4328587264
4328587264
4328587264
4328587264
72340174935228673
72340174935228672
1105920590081
1105920590080
72340177082712064
72340177082712064
1108068073472
1108068073472
72340172854853889
72340172854853888
1103840215297
1103840215296
72340172854853632
72340172854853632
1103840215040
1103840215040
72340172921962753
72340172921962752
1103907324161
1103907324160
72340172921962496
72340172921962496
1103907323904
1103907323904
72340172854853889
72340172854853888
1103840215297
1103840215296
72340172854853632
72340172854853632
1103840215040
1103840215040
72340173056180481
72340173056180480
1104041541889
1104041541888
72340173056180224
72340173056180224
1104041541632
1104041541632
72340172854853889
72340172854853888
1103840215297
1103840215296
72340172854853632
72340172854853632
1103840215040
1103840215040
72340172921962753
72340172921962752
1103907324161
1103907324160
72340172921962496
72340172921962496
1103907323904
1103907323904
72340172854853889
72340172854853888
1103840215297
1103840215296
72340172854853632
72340172854853632
1103840215040
1103840215040
72340173324615937
72340173324615936
1104309977345
1104309977344
72340173324615680
72340173324615680
1104309977088
1104309977088
72340172854853889
72340172854853888
1103840215297
1103840215296
72340172854853632
72340172854853632
1103840215040
1103840215040
72340172921962753
72340172921962752
1103907324161
1103907324160
72340172921962496
72340172921962496
1103907323904
1103907323904
72340172854853889
72340172854853888
1103840215297
1103840215296
72340172854853632
72340172854853632
1103840215040
1103840215040
72340173056180481
72340173056180480
1104041541889
1104041541888
72340173056180224
72340173056180224
1104041541632
1104041541632
72340172854853889
72340172854853888
1103840215297
1103840215296
72340172854853632
72340172854853632
1103840215040
1103840215040
72340172921962753
72340172921962752
1103907324161
1103907324160
72340172921962496
72340172921962496
1103907323904
1103907323904
72340172854853889
72340172854853888
1103840215297
1103840215296
72340172854853632
72340172854853632
1103840215040
1103840215040
72340173861486849
72340173861486848
1104846848257
1104846848256
72340173861486592
72340173861486592
1104846848000
1104846848000
72340172854853889
72340172854853888
1103840215297
1103840215296
72340172854853632
72340172854853632
1103840215040
1103840215040
72340172921962753
72340172921962752
1103907324161
1103907324160
72340172921962496
72340172921962496
1103907323904
1103907323904
72340172854853889
72340172854853888
1103840215297
1103840215296
72340172854853632
72340172854853632
1103840215040
1103840215040
72340173056180481
72340173056180480
1104041541889
1104041541888
72340173056180224
72340173056180224
1104041541632
1104041541632
72340172854853889
72340172854853888
1103840215297
1103840215296
72340172854853632
72340172854853632
1103840215040
1103840215040
72340172921962753
72340172921962752
1103907324161
1103907324160
72340172921962496
72340172921962496
1103907323904
1103907323904
72340172854853889
72340172854853888
1103840215297
1103840215296
72340172854853632
72340172854853632
1103840215040
1103840215040
72340173324615937
72340173324615936
1104309977345
1104309977344
72340173324615680
72340173324615680
1104309977088
1104309977088
72340172854853889
72340172854853888
1103840215297
1103840215296
72340172854853632
72340172854853632
1103840215040
1103840215040
72340172921962753
72340172921962752
1103907324161
1103907324160
72340172921962496
72340172921962496
1103907323904
1103907323904
72340172854853889
72340172854853888
1103840215297
1103840215296
72340172854853632
72340172854853632
1103840215040
1103840215040
72340173056180481
72340173056180480
1104041541889
1104041541888
72340173056180224
72340173056180224
1104041541632
1104041541632
72340172854853889
72340172854853888
1103840215297
1103840215296
72340172854853632
72340172854853632
1103840215040
1103840215040
72340172921962753
72340172921962752
1103907324161
1103907324160
72340172921962496
72340172921962496
1103907323904
1103907323904
72340172854853889
72340172854853888
1103840215297
1103840215296
72340172854853632
72340172854853632
1103840215040
1103840215040
282583044784385
282583044784384
1108068073729
1108068073728
72340174935228416
72340174935228416
1105920589824
1105920589824
282578816925953
282578816925952
1103840215297
1103840215296
72340172854853632
72340172854853632
1103840215040
1103840215040
282578884034817
282578884034816
1103907324161
1103907324160
72340172921962496
72340172921962496
1103907323904
1103907323904
282578816925953
282578816925952
1103840215297
1103840215296
72340172854853632
72340172854853632
1103840215040
1103840215040
282579018252545
282579018252544
1104041541889
1104041541888
72340173056180224
72340173056180224
1104041541632
1104041541632
282578816925953
282578816925952
1103840215297
1103840215296
72340172854853632
72340172854853632
1103840215040
1103840215040
282578884034817
282578884034816
1103907324161
1103907324160
72340172921962496
72340172921962496
1103907323904
1103907323904
282578816925953
282578816925952
1103840215297
1103840215296
72340172854853632
72340172854853632
1103840215040
1103840215040
282579286688001
282579286688000
1104309977345
1104309977344
72340173324615680
72340173324615680
1104309977088
1104309977088
282578816925953
282578816925952
1103840215297
1103840215296
72340172854853632
72340172854853632
1103840215040
1103840215040
282578884034817
282578884034816
1103907324161
1103907324160
72340172921962496
72340172921962496
1103907323904
1103907323904
282578816925953
282578816925952
1103840215297
1103840215296
72340172854853632
72340172854853632
1103840215040
1103840215040
282579018252545
282579018252544
1104041541889
1104041541888
72340173056180224
72340173056180224
1104041541632
1104041541632
282578816925953
282578816925952
1103840215297
1103840215296
72340172854853632
72340172854853632
1103840215040
1103840215040
282578884034817
282578884034816
1103907324161
1103907324160
72340172921962496
72340172921962496
1103907323904
1103907323904
282578816925953
282578816925952
1103840215297
1103840215296
72340172854853632
72340172854853632
1103840215040
1103840215040
282579823558913
282579823558912
1104846848257
1104846848256
72340173861486592
72340173861486592
1104846848000
1104846848000
282578816925953
282578816925952
1103840215297
1103840215296
72340172854853632
72340172854853632
1103840215040
1103840215040
282578884034817
282578884034816
1103907324161
1103907324160
72340172921962496
72340172921962496
1103907323904
1103907323904
282578816925953
282578816925952
1103840215297
1103840215296
72340172854853632
72340172854853632
1103840215040
1103840215040
282579018252545
282579018252544
1104041541889
1104041541888
72340173056180224
72340173056180224
1104041541632
1104041541632
282578816925953
282578816925952
1103840215297
1103840215296
72340172854853632
72340172854853632
1103840215040
1103840215040
282578884034817
282578884034816
1103907324161
1103907324160
72340172921962496
72340172921962496
1103907323904
1103907323904
282578816925953
282578816925952
1103840215297
1103840215296
72340172854853632
72340172854853632
1103840215040
1103840215040
282579286688001
282579286688000
1104309977345
1104309977344
72340173324615680
72340173324615680
1104309977088
1104309977088
282578816925953
282578816925952
1103840215297
1103840215296
72340172854853632
72340172854853632
1103840215040
1103840215040
282578884034817
282578884034816
1103907324161
1103907324160
72340172921962496
72340172921962496
1103907323904
1103907323904
282578816925953
282578816925952
1103840215297
1103840215296
72340172854853632
72340172854853632
1103840215040
1103840215040
282579018252545
282579018252544
1104041541889
1104041541888
72340173056180224
72340173056180224
1104041541632
1104041541632
282578816925953
282578816925952
1103840215297
1103840215296
72340172854853632
72340172854853632
1103840215040
1103840215040
282578884034817
282578884034816
1103907324161
1103907324160
72340172921962496
72340172921962496
1103907323904
1103907323904
282578816925953
282578816925952
1103840215297
1103840215296
72340172854853632
72340172854853632
1103840215040
1103840215040
282580897300737
282580897300736
1105920590081
1105920590080
282583044784128
282583044784128
1108068073472
1108068073472
282578816925953
282578816925952
1103840215297
1103840215296
282578816925696
282578816925696
1103840215040
1103840215040
282578884034817
282578884034816
1103907324161
1103907324160
282578884034560
282578884034560
1103907323904
1103907323904
282578816925953
282578816925952
1103840215297
1103840215296
282578816925696
282578816925696
1103840215040
1103840215040
282579018252545
282579018252544
1104041541889
1104041541888
282579018252288
282579018252288
1104041541632
1104041541632
282578816925953
282578816925952
1103840215297
1103840215296
282578816925696
282578816925696
1103840215040
1103840215040
282578884034817
282578884034816
1103907324161
1103907324160
282578884034560
282578884034560
1103907323904
1103907323904
282578816925953
282578816925952
1103840215297
1103840215296
282578816925696
282578816925696
1103840215040
1103840215040
282579286688001
282579286688000
1104309977345
1104309977344
282579286687744
282579286687744
1104309977088
1104309977088
282578816925953
282578816925952
1103840215297
1103840215296
282578816925696
282578816925696
1103840215040
1103840215040
282578884034817
282578884034816
1103907324161
1103907324160
282578884034560
282578884034560
1103907323904
1103907323904
282578816925953
282578816925952
1103840215297
1103840215296
282578816925696
282578816925696
1103840215040
1103840215040
282579018252545
282579018252544
1104041541889
1104041541888
282579018252288
282579018252288
1104041541632
1104041541632
282578816925953
282578816925952
1103840215297
1103840215296
282578816925696
282578816925696
1103840215040
1103840215040
282578884034817
282578884034816
1103907324161
1103907324160
282578884034560
282578884034560
1103907323904
1103907323904
282578816925953
282578816925952
1103840215297
1103840215296
282578816925696
282578816925696
1103840215040
1103840215040
282579823558913
282579823558912
1104846848257
1104846848256
282579823558656
282579823558656
1104846848000
1104846848000
282578816925953
282578816925952
1103840215297
1103840215296
282578816925696
282578816925696
1103840215040
1103840215040
282578884034817
282578884034816
1103907324161
1103907324160
282578884034560
282578884034560
1103907323904
1103907323904
282578816925953
282578816925952
1103840215297
1103840215296
282578816925696
282578816925696
1103840215040
1103840215040
282579018252545
282579018252544
1104041541889
1104041541888
282579018252288
282579018252288
1104041541632
1104041541632
282578816925953
282578816925952
1103840215297
1103840215296
282578816925696
282578816925696
1103840215040
1103840215040
282578884034817
282578884034816
1103907324161
1103907324160
282578884034560
282578884034560
1103907323904
1103907323904
282578816925953
282578816925952
1103840215297
1103840215296
282578816925696
282578816925696
1103840215040
1103840215040
282579286688001
282579286688000
1104309977345
1104309977344
282579286687744
282579286687744
1104309977088
1104309977088
282578816925953
282578816925952
1103840215297
1103840215296
282578816925696
282578816925696
1103840215040
1103840215040
282578884034817
282578884034816
1103907324161
1103907324160
282578884034560
282578884034560
1103907323904
1103907323904
282578816925953
282578816925952
1103840215297
1103840215296
282578816925696
282578816925696
1103840215040
1103840215040
282579018252545
282579018252544
1104041541889
1104041541888
282579018252288
282579018252288
1104041541632
1104041541632
282578816925953
282578816925952
1103840215297
1103840215296
282578816925696
282578816925696
1103840215040
1103840215040
282578884034817
282578884034816
1103907324161
1103907324160
282578884034560
282578884034560
1103907323904
1103907323904
282578816925953
282578816925952
1103840215297
1103840215296
282578816925696
282578816925696
1103840215040
1103840215040
8556445953
8556445952
8556445953
8556445952
282580897300480
282580897300480
1105920589824
1105920589824
4328587521
4328587520
4328587521
4328587520
282578816925696
282578816925696
1103840215040
1103840215040
4395696385
4395696384
4395696385
4395696384
282578884034560
282578884034560
1103907323904
1103907323904
4328587521
4328587520
4328587521
4328587520
282578816925696
282578816925696
1103840215040
1103840215040
4529914113
4529914112
4529914113
4529914112
282579018252288
282579018252288
1104041541632
1104041541632
4328587521
4328587520
4328587521
4328587520
282578816925696
282578816925696
1103840215040
1103840215040
4395696385
4395696384
4395696385
4395696384
282578884034560
282578884034560
1103907323904
1103907323904
4328587521
4328587520
4328587521
4328587520
282578816925696
282578816925696
1103840215040
1103840215040
4798349569
4798349568
4798349569
4798349568
282579286687744
282579286687744
1104309977088
1104309977088
4328587521
4328587520
4328587521
4328587520
282578816925696
282578816925696
1103840215040
1103840215040
4395696385
4395696384
4395696385
4395696384
282578884034560
282578884034560
1103907323904
1103907323904
4328587521
4328587520
4328587521
4328587520
282578816925696
282578816925696
1103840215040
1103840215040
4529914113
4529914112
4529914113
4529914112
282579018252288
282579018252288
1104041541632
1104041541632
4328587521
4328587520
4328587521
4328587520
282578816925696
282578816925696
1103840215040
1103840215040
4395696385
4395696384
4395696385
4395696384
282578884034560
282578884034560
1103907323904
1103907323904
4328587521
4328587520
4328587521
4328587520
282578816925696
282578816925696
1103840215040
1103840215040
5335220481
5335220480
5335220481
5335220480
282579823558656
282579823558656
1104846848000
1104846848000
4328587521
4328587520
4328587521
4328587520
282578816925696
282578816925696
1103840215040
1103840215040
4395696385
4395696384
4395696385
4395696384
282578884034560
282578884034560
1103907323904
1103907323904
4328587521
4328587520
4328587521
4328587520
282578816925696
282578816925696
1103840215040
1103840215040
4529914113
4529914112
4529914113
4529914112
282579018252288
282579018252288
1104041541632
1104041541632
4328587521
4328587520
4328587521
4328587520
282578816925696
282578816925696
1103840215040
1103840215040
4395696385
4395696384
4395696385
4395696384
282578884034560
282578884034560
1103907323904
1103907323904
4328587521
4328587520
4328587521
4328587520
282578816925696
282578816925696
1103840215040
1103840215040
4798349569
4798349568
4798349569
4798349568
282579286687744
282579286687744
1104309977088
1104309977088
4328587521
4328587520
4328587521
4328587520
282578816925696
282578816925696
1103840215040
1103840215040
4395696385
4395696384
4395696385
4395696384
282578884034560
282578884034560
1103907323904
1103907323904
4328587521
4328587520
4328587521
4328587520
282578816925696
282578816925696
1103840215040
1103840215040
4529914113
4529914112
4529914113
4529914112
282579018252288
282579018252288
1104041541632
1104041541632
4328587521
4328587520
4328587521
4328587520
282578816925696
282578816925696
1103840215040
1103840215040
4395696385
4395696384
4395696385
4395696384
282578884034560
282578884034560
1103907323904
1103907323904
4328587521
4328587520
4328587521
4328587520
282578816925696
282578816925696
1103840215040
1103840215040
6408962305
6408962304
6408962305
6408962304
8556445696
8556445696
8556445696
8556445696
4328587521
4328587520
4328587521
4328587520
4328587264
4328587264
4328587264
4328587264
4395696385
4395696384
4395696385
4395696384
4395696128
4395696128
4395696128
4395696128
4328587521
4328587520
4328587521
4328587520
4328587264
4328587264
4328587264
4328587264
4529914113
4529914112
4529914113
4529914112
4529913856
4529913856
4529913856
4529913856
4328587521
4328587520
4328587521
4328587520
4328587264
4328587264
4328587264
4328587264
4395696385
4395696384
4395696385
4395696384
4395696128
4395696128
4395696128
4395696128
4328587521
4328587520
4328587521
4328587520
4328587264
4328587264
4328587264
4328587264
4798349569
4798349568
4798349569
4798349568
4798349312
4798349312
4798349312
4798349312
4328587521
4328587520
4328587521
4328587520
4328587264
4328587264
4328587264
4328587264
4395696385
4395696384
4395696385
4395696384
4395696128
4395696128
4395696128
4395696128
4328587521
4328587520
4328587521
4328587520
4328587264
4328587264
4328587264
4328587264
4529914113
4529914112
4529914113
4529914112
4529913856
4529913856
4529913856
4529913856
4328587521
4328587520
4328587521
4328587520
4328587264
4328587264
4328587264
4328587264
4395696385
4395696384
4395696385
4395696384
4395696128
4395696128
4395696128
4395696128
4328587521
4328587520
4328587521
4328587520
4328587264
4328587264
4328587264
4328587264
5335220481
5335220480
5335220481
5335220480
5335220224
5335220224
5335220224
5335220224
4328587521
4328587520
4328587521
4328587520
4328587264
4328587264
4328587264
4328587264
4395696385
4395696384
4395696385
4395696384
4395696128
4395696128
4395696128
4395696128
4328587521
4328587520
4328587521
4328587520
4328587264
4328587264
4328587264
4328587264
4529914113
4529914112
4529914113
4529914112
4529913856
4529913856
4529913856
4529913856
4328587521
4328587520
4328587521
4328587520
4328587264
4328587264
4328587264
4328587264
4395696385
4395696384
4395696385
4395696384
4395696128
4395696128
4395696128
4395696128
4328587521
4328587520
4328587521
4328587520
4328587264
4328587264
4328587264
4328587264
4798349569
4798349568
4798349569
4798349568
4798349312
4798349312
4798349312
4798349312
4328587521
4328587520
4328587521
4328587520
4328587264
4328587264
4328587264
4328587264
4395696385
4395696384
4395696385
4395696384
4395696128
4395696128
4395696128
4395696128
4328587521
4328587520
4328587521
4328587520
4328587264
4328587264
4328587264
4328587264
4529914113
4529914112
4529914113
4529914112
4529913856
4529913856
4529913856
4529913856
4328587521
4328587520
4328587521
4328587520
4328587264
4328587264
4328587264
4328587264
4395696385
4395696384
4395696385
4395696384
4395696128
4395696128
4395696128
4395696128
4328587521
4328587520
4328587521
4328587520
4328587264
4328587264
4328587264
4328587264
8556445953
8556445952
8556445953
8556445952
6408962048
6408962048
6408962048
6408962048
4328587521
4328587520
4328587521
4328587520
4328587264
4328587264
4328587264
4328587264
4395696385
4395696384
4395696385
4395696384
4395696128
4395696128
4395696128
4395696128
4328587521
4328587520
4328587521
4328587520
4328587264
4328587264
4328587264
4328587264
4529914113
4529914112
4529914113
4529914112
4529913856
4529913856
4529913856
4529913856
4328587521
4328587520
4328587521
4328587520
4328587264
4328587264
4328587264
4328587264
4395696385
4395696384
4395696385
4395696384
4395696128
4395696128
4395696128
4395696128
4328587521
4328587520
4328587521
4328587520
4328587264
4328587264
4328587264
4328587264
4798349569
4798349568
4798349569
4798349568
4798349312
4798349312
4798349312
4798349312
4328587521
4328587520
4328587521
4328587520
4328587264
4328587264
4328587264
4328587264
4395696385
4395696384
4395696385
4395696384
4395696128
4395696128
4395696128
4395696128
4328587521
4328587520
4328587521
4328587520
4328587264
4328587264
4328587264
4328587264
4529914113
4529914112
4529914113
4529914112
4529913856
4529913856
4529913856
4529913856
4328587521
4328587520
4328587521
4328587520
4328587264
4328587264
4328587264
4328587264
4395696385
4395696384
4395696385
4395696384
4395696128
4395696128
4395696128
4395696128
4328587521
4328587520
4328587521
4328587520
4328587264
4328587264
4328587264
4328587264
5335220481
5335220480
5335220481
5335220480
5335220224
5335220224
5335220224
5335220224
4328587521
4328587520
4328587521
4328587520
4328587264
4328587264
4328587264
4328587264
4395696385
4395696384
4395696385
4395696384
4395696128
4395696128
4395696128
4395696128
4328587521
4328587520
4328587521
4328587520
4328587264
4328587264
4328587264
4328587264
4529914113
4529914112
4529914113
4529914112
4529913856
4529913856
4529913856
4529913856
4328587521
4328587520
4328587521
4328587520
4328587264
4328587264
4328587264
4328587264
4395696385
4395696384
4395696385
4395696384
4395696128
4395696128
4395696128
4395696128
4328587521
4328587520
4328587521
4328587520
4328587264
4328587264
4328587264
4328587264
4798349569
4798349568
4798349569
4798349568
4798349312
4798349312
4798349312
4798349312
4328587521
4328587520
4328587521
4328587520
4328587264
4328587264
4328587264
4328587264
4395696385
4395696384
4395696385
4395696384
4395696128
4395696128
4395696128
4395696128
4328587521
4328587520
4328587521
4328587520
4328587264
4328587264
4328587264
4328587264
4529914113
4529914112
4529914113
4529914112
4529913856
4529913856
4529913856
4529913856
4328587521
4328587520
4328587521
4328587520
4328587264
4328587264
4328587264
4328587264
4395696385
4395696384
4395696385
4395696384
4395696128
4395696128
4395696128
4395696128
4328587521
4328587520
4328587521
4328587520
4328587264
4328587264
4328587264
4328587264
6408962305
6408962304
6408962305
6408962304
8556445696
8556445696
8556445696
8556445696
4328587521
4328587520
4328587521
4328587520
4328587264
4328587264
4328587264
4328587264
4395696385
4395696384
4395696385
4395696384
4395696128
4395696128
4395696128
4395696128
4328587521
4328587520
4328587521
4328587520
4328587264
4328587264
4328587264
4328587264
4529914113
4529914112
4529914113
4529914112
4529913856
4529913856
4529913856
4529913856
4328587521
4328587520
4328587521
4328587520
4328587264
4328587264
4328587264
4328587264
4395696385
4395696384
4395696385
4395696384
4395696128
4395696128
4395696128
4395696128
4328587521
4328587520
4328587521
4328587520
4328587264
4328587264
4328587264
4328587264
4798349569
4798349568
4798349569
4798349568
4798349312
4798349312
4798349312
4798349312
4328587521
4328587520
4328587521
4328587520
4328587264
4328587264
4328587264
4328587264
4395696385
4395696384
4395696385
4395696384
4395696128
4395696128
4395696128
4395696128
4328587521
4328587520
4328587521
4328587520
4328587264
4328587264
4328587264
4328587264
4529914113
4529914112
4529914113
4529914112
4529913856
4529913856
4529913856
4529913856
4328587521
4328587520
4328587521
4328587520
4328587264
4328587264
4328587264
4328587264
4395696385
4395696384
4395696385
4395696384
4395696128
4395696128
4395696128
4395696128
4328587521
4328587520
4328587521
4328587520
4328587264
4328587264
4328587264
4328587264
5335220481
5335220480
5335220481
5335220480
5335220224
5335220224
5335220224
5335220224
4328587521
4328587520
4328587521
4328587520
4328587264
4328587264
4328587264
4328587264
4395696385
4395696384
4395696385
4395696384
4395696128
4395696128
4395696128
4395696128
4328587521
4328587520
4328587521
4328587520
4328587264
4328587264
4328587264
4328587264
4529914113
4529914112
4529914113
4529914112
4529913856
4529913856
4529913856
4529913856
4328587521
4328587520
4328587521
4328587520
4328587264
4328587264
4328587264
4328587264
4395696385
4395696384
4395696385
4395696384
4395696128
4395696128
4395696128
4395696128
4328587521
4328587520
4328587521
4328587520
4328587264
4328587264
4328587264
4328587264
4798349569
4798349568
4798349569
4798349568
4798349312
4798349312
4798349312
4798349312
4328587521
4328587520
4328587521
4328587520
4328587264
4328587264
4328587264
4328587264
4395696385
4395696384
4395696385
4395696384
4395696128
4395696128
4395696128
4395696128
4328587521
4328587520
4328587521
4328587520
4328587264
4328587264
4328587264
4328587264
4529914113
4529914112
4529914113
4529914112
4529913856
4529913856
4529913856
4529913856
4328587521
4328587520
4328587521
4328587520
4328587264
4328587264
4328587264
4328587264
4395696385
4395696384
4395696385
4395696384
4395696128
4395696128
4395696128
4395696128
4328587521
4328587520
4328587521
4328587520
4328587264
4328587264
4328587264
4328587264
0
0
0
0
0
0
0
0
0
0
0
0
0
0
0
0
0
0
0
0
0
0
0
0
0
0
0
0
0
0
0
0
0
0
0
0
0
0
0
0
0
0
0
0
0
0
0
0
0
0
0
0
0
0
0
0
0
0
0
0
0
0
0
0
0
0
0
0
0
0
0
0
0
0
0
0
0
0
0
0
0
0
0
0
0
0
0
0
0
0
0
0
0
0
0
0
0
0
0
0
0
0
0
0
0
0
0
0
0
0
0
0
0
0
0
0
0
0
0
0
0
0
0
0
0
0
0
0
0
0
0
0
0
0
0
0
0
0
0
0
0
0
0
0
0
0
0
0
0
0
0
0
0
0
0
0
0
0
0
0
0
0
0
0
0
0
0
0
0
0
0
0
0
0
0
0
0
0
0
0
0
0
0
0
0
0
0
0
0
0
0
0
0
0
0
0
0
0
0
0
0
0
0
0
0
0
0
0
0
0
0
0
0
0
0
0
0
0
0
0
0
0
0
0
0
0
0
0
0
0
0
0
0
0
0
0
0
0
0
0
0
0
0
0
0
0
0
0
0
0
0
0
0
0
0
0
0
0
0
0
0
0
0
0
0
0
0
0
0
0
0
0
0
0
0
0
0
0
0
0
0
0
0
0
0
0
0
0
0
0
0
0
0
0
0
0
0
0
0
0
0
0
0
0
0
0
0
0
0
0
0
0
0
0
0
0
0
0
0
0
0
0
0
0
0
0
0
0
0
0
0
0
0
0
0
0
0
0
0
0
0
0
0
0
0
0
0
0
0
0
0
0
0
0
0
0
0
0
0
0
0
0
0
0
0
0
0
0
0
0
0
0
0
0
0
0
0
0
0
0
0
0
0
0
0
0
0
0
0
0
0
0
0
0
0
0
0
0
0
0
0
0
0
0
0
0
0
0
0
0
0
0
0
0
0
0
0
0
0
0
0
0
0
0
0
0
0
0
0
0
0
0
0
0
0
0
0
0
0
0
0
0
0
0
0
0
0
0
0
0
0
0
0
0
0
0
0
0
0
0
0
0
0
0
0
0
0
0
0
0
0
0
0
0
0
0
0
0
0
0
0
0
0
0
0
0
0
0
0
0
0
0
0
0
0
0
0
0
0
0
0
0
0
0
0
0
0
0
0
0
0
0
0
0
0
0
0
0
0
0
0
0
0
0
0
0
0
0
0
0
0
0
0
0
0
0
0
0
0
0
0
0
0
0
0
0
0
0
0
0
0
0
0
0
0
0
0
0
0
0
0
0
0
0
0
0
0
0
0
0
0
0
0
0
0
0
0
0
0
0
0
0
0
0
0
0
0
0
0
0
0
0
0
0
0
0
0
0
0
0
0
0
0
0
0
0
0
0
0
0
0
0
0
0
0
0
0
0
0
0
0
0
0
0
0
0
0
0
0
0
0
0
0
0
0
0
0
0
0
0
0
0
0
0
0
0
0
0
0
0
0
0
0
0
0
0
0
0
0
0
0
0
0
0
0
0
0
0
0
0
0
0
0
0
0
0
0
0
0
0
0
0
0
0
0
0
0
0
0
0
0
0
0
0
0
0
0
0
0
0
0
0
0
0
0
0
0
0
0
0
0
0
0
0
0
0
0
0
0
0
0
0
0
0
0
0
0
0
0
0
0
0
0
0
0
0
0
0
0
0
0
0
0
0
0
0
0
0
0
0
0
0
0
0
0
0
0
0
0
0
0
0
0
0
0
0
0
0
0
0
0
0
0
0
0
0
0
0
0
0
0
0
0
0
0
0
0
0
0
0
0
0
0
0
0
0
0
0
0
0
0
0
0
0
0
0
0
0
0
0
0
0
0
0
0
0
0
0
0
0
0
0
0
0
0
0
0
0
0
0
0
0
0
0
0
0
0
0
0
0
0
0
0
0
0
0
0
0
0
0
0
0
0
0
0
0
0
0
0
0
0
0
0
0
0
0
0
0
0
0
0
0
0
0
0
0
0
0
0
0
0
0
0
0
0
0
0
0
0
0
0
0
0
0
0
0
0
0
0
0
0
0
0
0
0
0
0
0
0
0
0
0
0
0
0
0
0
0
0
0
0
0
0
0
0
0
0
0
0
0
0
0
0
0
0
0
0
0
0
0
0
0
0
0
0
0
0
0
0
0
0
0
0
0
0
0
0
0
0
0
0
0
0
0
0
0
0
0
0
0
0
0
0
0
0
0
0
0
0
0
0
0
0
0
0
0
0
0
0
0
0
0
0
0
0
0
0
0
0
0
0
0
0
0
0
0
0
0
0
0
0
0
0
0
0
0
0
0
0
0
0
0
0
0
0
0
0
0
0
0
0
0
0
0
0
0
0
0
0
0
0
0
0
0
0
0
0
0
0
0
0
0
0
0
0
0
0
0
0
0
0
0
0
0
0
0
0
0
0
0
0
0
0
0
0
0
0
0
0
0
0
0
0
0
0
0
0
0
0
0
0
0
0
0
0
0
0
0
0
0
0
0
0
0
0
0
0
0
0
0
0
0
0
0
0
0
0
0
0
0
0
0
0
0
0
0
0
0
0
0
0
0
0
0
0
0
0
0
0
0
0
0
0
0
0
0
0
0
0
0
0
0
0
0
0
0
0
0
0
0
0
0
0
0
0
0
0
0
0
0
0
0
0
0
0
0
0
0
0
0
0
0
0
0
0
0
0
0
0
0
0
0
0
0
0
0
0
0
0
0
0
0
0
0
0
0
0
0
0
0
0
0
0
0
0
0
0
0
0
0
0
0
0
0
0
0
0
0
0
0
0
0
0
0
0
0
0
0
0
0
0
0
0
0
0
0
0
0
0
0
0
0
0
0
0
0
0
0
0
0
0
0
0
0
0
0
0
0
0
0
0
0
0
0
0
0
0
0
0
0
0
0
0
0
0
0
0
0
0
0
0
0
0
0
0
0
0
0
0
0
0
0
0
0
0
0
0
0
0
0
0
0
0
0
0
0
0
0
0
0
0
0
0
0
0
0
0
0
0
0
0
0
0
0
0
0
0
0
0
0
0
0
0
0
0
0
0
0
0
0
0
0
0
0
0
0
0
0
0
0
0
0
0
0
0
0
0
0
0
0
0
0
0
0
0
0
0
0
0
0
0
0
0
0
0
0
0
0
0
0
0
0
0
0
0
0
0
0
0
0
0
0
0
0
0
0
0
0
0
0
0
0
0
0
0
0
0
0
0
0
0
0
0
0
0
0
0
0
0
0
0
0
0
0
0
0
0
0
0
0
0
0
0
0
0
0
0
0
0
0
0
0
0
0
0
0
0
0
0
0
0
0
0
0
0
0
0
0
0
0
0
0
0
0
0
0
0
0
0
0
0
0
0
0
0
0
0
0
0
0
0
0
0
0
0
0
0
0
0
0
0
0
0
0
0
0
0
0
0
0
0
0
0
0
0
0
0
0
0
0
0
0
0
0
0
0
0
0
0
0
0
0
0
0
0
0
0
0
0
0
0
0
0
0
0
0
0
0
0
0
0
0
0
0
0
0
0
0
0
0
0
0
0
0
0
0
0
0
0
0
0
0
0
0
0
0
0
0
0
0
0
0
0
0
0
0
0
0
0
0
0
0
0
0
0
0
0
0
0
0
0
0
0
0
0
0
0
0
0
0
0
0
0
0
0
0
0
0
0
0
0
0
0
0
0
0
0
0
0
0
0
0
0
0
0
0
0
0
0
0
0
0
0
0
0
0
0
0
0
0
0
0
0
0
0
0
0
0
0
0
0
0
0
0
0
0
0
0
0
0
0
0
0
0
0
0
0
0
0
0
0
0
0
0
0
0
0
0
0
0
0
0
0
0
0
0
0
0
0
0
0
0
0
0
0
0
0
0
0
0
0
0
0
0
0
0
0
0
0
0
0
0
0
0
0
0
0
0
0
0
0
0
0
0
0
0
0
0
0
0
0
0
0
0
0
0
0
0
0
0
0
0
0
0
0
0
0
0
0
0
0
0
0
0
0
0
0
0
0
0
0
0
0
0
0
0
0
0
0
0
0
0
0
0
0
0
0
0
0
0
0
0
0
0
0
0
0
0
0
0
0
0
0
0
0
0
0
0
0
0
0
0
0
0
0
0
0
0
0
0
0
0
0
0
0
0
0
0
0
0
0
0
0
0
0
0
0
0
0
0
0
0
0
0
0
0
0
0
0
0
0
0
0
0
0
0
0
0
0
0
0
0
0
0
0
0
0
0
0
0
0
0
0
0
0
0
0
0
0
0
0
0
0
0
0
0
0
0
0
0
0
0
0
0
0
0
0
0
0
0
0
0
0
0
0
0
0
0
0
0
0
0
0
0
0
0
0
0
0
0
0
0
0
0
0
0
0
0
0
0
0
0
0
0
0
0
0
0
0
0
0
0
0
0
0
0
0
0
0
0
0
0
0
0
0
0
0
0
0
0
0
0
0
0
0
0
0
0
0
0
0
0
0
0
0
0
0
0
0
0
0
0
0
0
0
0
0
0
0
0
0
0
0
0
0
0
0
0
0
0
0
0
0
0
0
0
0
0
0
0
0
0
0
0
0
0
0
0
0
0
0
0
0
0
0
0
0
0
0
0
0
0
0
0
0
0
0
0
0
0
0
0
0
0
0
0
0
0
