578721386714368008
578721386714368000
38504237064
38504237056
578721386697590792
578721386697590784
38487459848
38487459840
578721386664036360
578721386664036352
38453905416
38453905408
578721386664036360
578721386664036352
38453905416
38453905408
2260634410944520
2260634410944512
38504237064
38504237056
2260634394167304
2260634394167296
38487459848
38487459840
2260634360612872
2260634360612864
38453905416
38453905408
2260634360612872
2260634360612864
38453905416
38453905408
578721382956271624
578721382956271616
34746140680
34746140672
578721382939494408
578721382939494400
34729363464
34729363456
578721382905939976
578721382905939968
34695809032
34695809024
578721382905939976
578721382905939968
34695809032
34695809024
2260630652848136
2260630652848128
34746140680
34746140672
2260630636070920
2260630636070912
34729363464
34729363456
2260630602516488
2260630602516480
34695809032
34695809024
2260630602516488
2260630602516480
34695809032
34695809024
578721383493142536
578721383493142528
35283011592
35283011584
578721383476365320
578721383476365312
35266234376
35266234368
578721383442810888
578721383442810880
35232679944
35232679936
578721383442810888
578721383442810880
35232679944
35232679936
2260631189719048
2260631189719040
35283011592
35283011584
2260631172941832
2260631172941824
35266234376
35266234368
2260631139387400
2260631139387392
35232679944
35232679936
2260631139387400
2260631139387392
35232679944
35232679936
578721382956271624
578721382956271616
34746140680
34746140672
578721382939494408
578721382939494400
34729363464
34729363456
578721382905939976
578721382905939968
34695809032
34695809024
578721382905939976
578721382905939968
34695809032
34695809024
2260630652848136
2260630652848128
34746140680
34746140672
2260630636070920
2260630636070912
34729363464
34729363456
2260630602516488
2260630602516480
34695809032
34695809024
2260630602516488
2260630602516480
34695809032
34695809024
578721384566884360
578721384566884352
36356753416
36356753408
578721384550107144
578721384550107136
36339976200
36339976192
578721384516552712
578721384516552704
36306421768
36306421760
578721384516552712
578721384516552704
36306421768
36306421760
2260632263460872
2260632263460864
36356753416
36356753408
2260632246683656
2260632246683648
36339976200
36339976192
2260632213129224
2260632213129216
36306421768
36306421760
2260632213129224
2260632213129216
36306421768
36306421760
578721382956271624
578721382956271616
34746140680
34746140672
578721382939494408
578721382939494400
34729363464
34729363456
578721382905939976
578721382905939968
34695809032
34695809024
578721382905939976
578721382905939968
34695809032
34695809024
2260630652848136
2260630652848128
34746140680
34746140672
2260630636070920
2260630636070912
34729363464
34729363456
2260630602516488
2260630602516480
34695809032
34695809024
2260630602516488
2260630602516480
34695809032
34695809024
578721383493142536
578721383493142528
35283011592
35283011584
578721383476365320
578721383476365312
35266234376
35266234368
578721383442810888
578721383442810880
35232679944
35232679936
578721383442810888
578721383442810880
35232679944
35232679936
2260631189719048
2260631189719040
35283011592
35283011584
2260631172941832
2260631172941824
35266234376
35266234368
2260631139387400
2260631139387392
35232679944
35232679936
2260631139387400
2260631139387392
35232679944
35232679936
578721382956271624
578721382956271616
34746140680
34746140672
578721382939494408
578721382939494400
34729363464
34729363456
578721382905939976
578721382905939968
34695809032
34695809024
578721382905939976
578721382905939968
34695809032
34695809024
2260630652848136
2260630652848128
34746140680
34746140672
2260630636070920
2260630636070912
34729363464
34729363456
2260630602516488
2260630602516480
34695809032
34695809024
2260630602516488
2260630602516480
34695809032
34695809024
578721386714365952
578721386714365952
38504235008
38504235008
578721386697588736
578721386697588736
38487457792
38487457792
578721386664034304
578721386664034304
38453903360
38453903360
578721386664034304
578721386664034304
38453903360
38453903360
2260634410942464
2260634410942464
38504235008
38504235008
2260634394165248
2260634394165248
38487457792
38487457792
2260634360610816
2260634360610816
38453903360
38453903360
2260634360610816
2260634360610816
38453903360
38453903360
578721382956269568
578721382956269568
34746138624
34746138624
578721382939492352
578721382939492352
34729361408
34729361408
578721382905937920
578721382905937920
34695806976
34695806976
578721382905937920
578721382905937920
34695806976
34695806976
2260630652846080
2260630652846080
34746138624
34746138624
2260630636068864
2260630636068864
34729361408
34729361408
2260630602514432
2260630602514432
34695806976
34695806976
2260630602514432
2260630602514432
34695806976
34695806976
578721383493140480
578721383493140480
35283009536
35283009536
578721383476363264
578721383476363264
35266232320
35266232320
578721383442808832
578721383442808832
35232677888
35232677888
578721383442808832
578721383442808832
35232677888
35232677888
2260631189716992
2260631189716992
35283009536
35283009536
2260631172939776
2260631172939776
35266232320
35266232320
2260631139385344
2260631139385344
35232677888
35232677888
2260631139385344
2260631139385344
35232677888
35232677888
578721382956269568
578721382956269568
34746138624
34746138624
578721382939492352
578721382939492352
34729361408
34729361408
578721382905937920
578721382905937920
34695806976
34695806976
578721382905937920
578721382905937920
34695806976
34695806976
2260630652846080
2260630652846080
34746138624
34746138624
2260630636068864
2260630636068864
34729361408
34729361408
2260630602514432
2260630602514432
34695806976
34695806976
2260630602514432
2260630602514432
34695806976
34695806976
578721384566882304
578721384566882304
36356751360
36356751360
578721384550105088
578721384550105088
36339974144
36339974144
578721384516550656
578721384516550656
36306419712
36306419712
578721384516550656
578721384516550656
36306419712
36306419712
2260632263458816
2260632263458816
36356751360
36356751360
2260632246681600
2260632246681600
36339974144
36339974144
2260632213127168
2260632213127168
36306419712
36306419712
2260632213127168
2260632213127168
36306419712
36306419712
578721382956269568
578721382956269568
34746138624
34746138624
578721382939492352
578721382939492352
34729361408
34729361408
578721382905937920
578721382905937920
34695806976
34695806976
578721382905937920
578721382905937920
34695806976
34695806976
2260630652846080
2260630652846080
34746138624
34746138624
2260630636068864
2260630636068864
34729361408
34729361408
2260630602514432
2260630602514432
34695806976
34695806976
2260630602514432
2260630602514432
34695806976
34695806976
578721383493140480
578721383493140480
35283009536
35283009536
578721383476363264
578721383476363264
35266232320
35266232320
578721383442808832
578721383442808832
35232677888
35232677888
578721383442808832
578721383442808832
35232677888
35232677888
2260631189716992
2260631189716992
35283009536
35283009536
2260631172939776
2260631172939776
35266232320
35266232320
2260631139385344
2260631139385344
35232677888
35232677888
2260631139385344
2260631139385344
35232677888
35232677888
578721382956269568
578721382956269568
34746138624
34746138624
578721382939492352
578721382939492352
34729361408
34729361408
578721382905937920
578721382905937920
34695806976
34695806976
578721382905937920
578721382905937920
34695806976
34695806976
2260630652846080
2260630652846080
34746138624
34746138624
2260630636068864
2260630636068864
34729361408
34729361408
2260630602514432
2260630602514432
34695806976
34695806976
2260630602514432
2260630602514432
34695806976
34695806976
8834597259272
8834597259264
38504237064
38504237056
8834580482056
8834580482048
38487459848
38487459840
8834546927624
8834546927616
38453905416
38453905408
8834546927624
8834546927616
38453905416
38453905408
8834597259272
8834597259264
38504237064
38504237056
8834580482056
8834580482048
38487459848
38487459840
8834546927624
8834546927616
38453905416
38453905408
8834546927624
8834546927616
38453905416
38453905408
8830839162888
8830839162880
34746140680
34746140672
8830822385672
8830822385664
34729363464
34729363456
8830788831240
8830788831232
34695809032
34695809024
8830788831240
8830788831232
34695809032
34695809024
8830839162888
8830839162880
34746140680
34746140672
8830822385672
8830822385664
34729363464
34729363456
8830788831240
8830788831232
34695809032
34695809024
8830788831240
8830788831232
34695809032
34695809024
8831376033800
8831376033792
35283011592
35283011584
8831359256584
8831359256576
35266234376
35266234368
8831325702152
8831325702144
35232679944
35232679936
8831325702152
8831325702144
35232679944
35232679936
8831376033800
8831376033792
35283011592
35283011584
8831359256584
8831359256576
35266234376
35266234368
8831325702152
8831325702144
35232679944
35232679936
8831325702152
8831325702144
35232679944
35232679936
8830839162888
8830839162880
34746140680
34746140672
8830822385672
8830822385664
34729363464
34729363456
8830788831240
8830788831232
34695809032
34695809024
8830788831240
8830788831232
34695809032
34695809024
8830839162888
8830839162880
34746140680
34746140672
8830822385672
8830822385664
34729363464
34729363456
8830788831240
8830788831232
34695809032
34695809024
8830788831240
8830788831232
34695809032
34695809024
8832449775624
8832449775616
36356753416
36356753408
8832432998408
8832432998400
36339976200
36339976192
8832399443976
8832399443968
36306421768
36306421760
8832399443976
8832399443968
36306421768
36306421760
8832449775624
8832449775616
36356753416
36356753408
8832432998408
8832432998400
36339976200
36339976192
8832399443976
8832399443968
36306421768
36306421760
8832399443976
8832399443968
36306421768
36306421760
8830839162888
8830839162880
34746140680
34746140672
8830822385672
8830822385664
34729363464
34729363456
8830788831240
8830788831232
34695809032
34695809024
8830788831240
8830788831232
34695809032
34695809024
8830839162888
8830839162880
34746140680
34746140672
8830822385672
8830822385664
34729363464
34729363456
8830788831240
8830788831232
34695809032
34695809024
8830788831240
8830788831232
34695809032
34695809024
8831376033800
8831376033792
35283011592
35283011584
8831359256584
8831359256576
35266234376
35266234368
8831325702152
8831325702144
35232679944
35232679936
8831325702152
8831325702144
35232679944
35232679936
8831376033800
8831376033792
35283011592
35283011584
8831359256584
8831359256576
35266234376
35266234368
8831325702152
8831325702144
35232679944
35232679936
8831325702152
8831325702144
35232679944
35232679936
8830839162888
8830839162880
34746140680
34746140672
8830822385672
8830822385664
34729363464
34729363456
8830788831240
8830788831232
34695809032
34695809024
8830788831240
8830788831232
34695809032
34695809024
8830839162888
8830839162880
34746140680
34746140672
8830822385672
8830822385664
34729363464
34729363456
8830788831240
8830788831232
34695809032
34695809024
8830788831240
8830788831232
34695809032
34695809024
8834597257216
8834597257216
38504235008
38504235008
8834580480000
8834580480000
38487457792
38487457792
8834546925568
8834546925568
38453903360
38453903360
8834546925568
8834546925568
38453903360
38453903360
8834597257216
8834597257216
38504235008
38504235008
8834580480000
8834580480000
38487457792
38487457792
8834546925568
8834546925568
38453903360
38453903360
8834546925568
8834546925568
38453903360
38453903360
8830839160832
8830839160832
34746138624
34746138624
8830822383616
8830822383616
34729361408
34729361408
8830788829184
8830788829184
34695806976
34695806976
8830788829184
8830788829184
34695806976
34695806976
8830839160832
8830839160832
34746138624
34746138624
8830822383616
8830822383616
34729361408
34729361408
8830788829184
8830788829184
34695806976
34695806976
8830788829184
8830788829184
34695806976
34695806976
8831376031744
8831376031744
35283009536
35283009536
8831359254528
8831359254528
35266232320
35266232320
8831325700096
8831325700096
35232677888
35232677888
8831325700096
8831325700096
35232677888
35232677888
8831376031744
8831376031744
35283009536
35283009536
8831359254528
8831359254528
35266232320
35266232320
8831325700096
8831325700096
35232677888
35232677888
8831325700096
8831325700096
35232677888
35232677888
8830839160832
8830839160832
34746138624
34746138624
8830822383616
8830822383616
34729361408
34729361408
8830788829184
8830788829184
34695806976
34695806976
8830788829184
8830788829184
34695806976
34695806976
8830839160832
8830839160832
34746138624
34746138624
8830822383616
8830822383616
34729361408
34729361408
8830788829184
8830788829184
34695806976
34695806976
8830788829184
8830788829184
34695806976
34695806976
8832449773568
8832449773568
36356751360
36356751360
8832432996352
8832432996352
36339974144
36339974144
8832399441920
8832399441920
36306419712
36306419712
8832399441920
8832399441920
36306419712
36306419712
8832449773568
8832449773568
36356751360
36356751360
8832432996352
8832432996352
36339974144
36339974144
8832399441920
8832399441920
36306419712
36306419712
8832399441920
8832399441920
36306419712
36306419712
8830839160832
8830839160832
34746138624
34746138624
8830822383616
8830822383616
34729361408
34729361408
8830788829184
8830788829184
34695806976
34695806976
8830788829184
8830788829184
34695806976
34695806976
8830839160832
8830839160832
34746138624
34746138624
8830822383616
8830822383616
34729361408
34729361408
8830788829184
8830788829184
34695806976
34695806976
8830788829184
8830788829184
34695806976
34695806976
8831376031744
8831376031744
35283009536
35283009536
8831359254528
8831359254528
35266232320
35266232320
8831325700096
8831325700096
35232677888
35232677888
8831325700096
8831325700096
35232677888
35232677888
8831376031744
8831376031744
35283009536
35283009536
8831359254528
8831359254528
35266232320
35266232320
8831325700096
8831325700096
35232677888
35232677888
8831325700096
8831325700096
35232677888
35232677888
8830839160832
8830839160832
34746138624
34746138624
8830822383616
8830822383616
34729361408
34729361408
8830788829184
8830788829184
34695806976
34695806976
8830788829184
8830788829184
34695806976
34695806976
8830839160832
8830839160832
34746138624
34746138624
8830822383616
8830822383616
34729361408
34729361408
8830788829184
8830788829184
34695806976
34695806976
8830788829184
8830788829184
34695806976
34695806976
0
0
0
0
0
0
0
0
0
0
0
0
0
0
0
0
0
0
0
0
0
0
0
0
0
0
0
0
0
0
0
0
0
0
0
0
0
0
0
0
0
0
0
0
0
0
0
0
0
0
0
0
0
0
0
0
0
0
0
0
0
0
0
0
0
0
0
0
0
0
0
0
0
0
0
0
0
0
0
0
0
0
0
0
0
0
0
0
0
0
0
0
0
0
0
0
0
0
0
0
0
0
0
0
0
0
0
0
0
0
0
0
0
0
0
0
0
0
0
0
0
0
0
0
0
0
0
0
0
0
0
0
0
0
0
0
0
0
0
0
0
0
0
0
0
0
0
0
0
0
0
0
0
0
0
0
0
0
0
0
0
0
0
0
0
0
0
0
0
0
0
0
0
0
0
0
0
0
0
0
0
0
0
0
0
0
0
0
0
0
0
0
0
0
0
0
0
0
0
0
0
0
0
0
0
0
0
0
0
0
0
0
0
0
0
0
0
0
0
0
0
0
0
0
0
0
0
0
0
0
0
0
0
0
0
0
0
0
0
0
0
0
0
0
0
0
0
0
0
0
0
0
0
0
0
0
0
0
0
0
0
0
0
0
0
0
0
0
0
0
0
0
0
0
0
0
0
0
0
0
0
0
0
0
0
0
0
0
0
0
0
0
0
0
0
0
0
0
0
0
0
0
0
0
0
0
0
0
0
0
0
0
0
0
0
0
0
0
0
0
0
0
0
0
0
0
0
0
0
0
0
0
0
0
0
0
0
0
0
0
0
0
0
0
0
0
0
0
0
0
0
0
0
0
0
0
0
0
0
0
0
0
0
0
0
0
0
0
0
0
0
0
0
0
0
0
0
0
0
0
0
0
0
0
0
0
0
0
0
0
0
0
0
0
0
0
0
0
0
0
0
0
0
0
0
0
0
0
0
0
0
0
0
0
0
0
0
0
0
0
0
0
0
0
0
0
0
0
0
0
0
0
0
0
0
0
0
0
0
0
0
0
0
0
0
0
0
0
0
0
0
0
0
0
0
0
0
0
0
0
0
0
0
0
0
0
0
0
0
0
0
0
0
0
0
0
0
0
0
0
0
0
0
0
0
0
0
0
0
0
0
0
0
0
0
0
0
0
0
0
0
0
0
0
0
0
0
0
0
0
0
0
0
0
0
0
0
0
0
0
0
0
0
0
0
0
0
0
0
0
0
0
0
0
0
0
0
0
0
0
0
0
0
0
0
0
0
0
0
0
0
0
0
0
0
0
0
0
0
0
0
0
0
0
0
0
0
0
0
0
0
0
0
0
0
0
0
0
0
0
0
0
0
0
0
0
0
0
0
0
0
0
0
0
0
0
0
0
0
0
0
0
0
0
0
0
0
0
0
0
0
0
0
0
0
0
0
0
0
0
0
0
0
0
0
0
0
0
0
0
0
0
0
0
0
0
0
0
0
0
0
0
0
0
0
0
0
0
0
0
0
0
0
0
0
0
0
0
0
0
0
0
0
0
0
0
0
0
0
0
0
0
0
0
0
0
0
0
0
0
0
0
0
0
0
0
0
0
0
0
0
0
0
0
0
0
0
0
0
0
0
0
0
0
0
0
0
0
0
0
0
0
0
0
0
0
0
0
0
0
0
0
0
0
0
0
0
0
0
0
0
0
0
0
0
0
0
0
0
0
0
0
0
0
0
0
0
0
0
0
0
0
0
0
0
0
0
0
0
0
0
0
0
0
0
0
0
0
0
0
0
0
0
0
0
0
0
0
0
0
0
0
0
0
0
0
0
0
0
0
0
0
0
0
0
0
0
0
0
0
0
0
0
0
0
0
0
0
0
0
0
0
0
0
0
0
0
0
0
0
0
0
0
0
0
0
0
0
0
0
0
0
0
0
0
0
0
0
0
0
0
0
0
0
0
0
0
0
0
0
0
0
0
0
0
0
0
0
0
0
0
0
0
0
0
0
0
0
0
0
0
0
0
0
0
0
0
0
0
0
0
0
0
0
0
0
0
0
0
0
0
0
0
0
0
0
0
0
0
0
0
0
0
0
0
0
0
0
0
0
0
0
0
0
0
0
0
0
0
0
0
0
0
0
0
0
0
0
0
0
0
0
0
0
0
0
0
0
0
0
0
0
0
0
0
0
0
0
0
0
0
0
0
0
0
0
0
0
0
0
0
0
0
0
0
0
0
0
0
0
0
0
0
0
0
0
0
0
0
0
0
0
0
0
0
0
0
0
0
0
0
0
0
0
0
0
0
0
0
0
0
0
0
0
0
0
0
0
0
0
0
0
0
0
0
0
0
0
0
0
0
0
0
0
0
0
0
0
0
0
0
0
0
0
0
0
0
0
0
0
0
0
0
0
0
0
0
0
0
0
0
0
0
0
0
0
0
0
0
0
0
0
0
0
0
0
0
0
0
0
0
0
0
0
0
0
0
0
0
0
0
0
0
0
0
0
0
0
0
0
0
0
0
0
0
0
0
0
0
0
0
0
0
0
0
0
0
0
0
0
0
0
0
0
0
0
0
0
0
0
0
0
0
0
0
0
0
0
0
0
0
0
0
0
0
0
0
0
0
0
0
0
0
0
0
0
0
0
0
0
0
0
0
0
0
0
0
0
0
0
0
0
0
0
0
0
0
0
0
0
0
0
0
0
0
0
0
0
0
0
0
0
0
0
0
0
0
0
0
0
0
0
0
0
0
0
0
0
0
0
0
0
0
0
0
0
0
0
0
0
0
0
0
0
0
0
0
0
0
0
0
0
0
0
0
0
0
0
0
0
0
0
0
0
0
0
0
0
0
0
0
0
0
0
0
0
0
0
0
0
0
0
0
0
0
0
0
0
0
0
0
0
0
0
0
0
0
0
0
0
0
0
0
0
0
0
0
0
0
0
0
0
0
0
0
0
0
0
0
0
0
0
0
0
0
0
0
0
0
0
0
0
0
0
0
0
0
0
0
0
0
0
0
0
0
0
0
0
0
0
0
0
0
0
0
0
0
0
0
0
0
0
0
0
0
0
0
0
0
0
0
0
0
0
0
0
0
0
0
0
0
0
0
0
0
0
0
0
0
0
0
0
0
0
0
0
0
0
0
0
0
0
0
0
0
0
0
0
0
0
0
0
0
0
0
0
0
0
0
0
0
0
0
0
0
0
0
0
0
0
0
0
0
0
0
0
0
0
0
0
0
0
0
0
0
0
0
0
0
0
0
0
0
0
0
0
0
0
0
0
0
0
0
0
0
0
0
0
0
0
0
0
0
0
0
0
0
0
0
0
0
0
0
0
0
0
0
0
0
0
0
0
0
0
0
0
0
0
0
0
0
0
0
0
0
0
0
0
0
0
0
0
0
0
0
0
0
0
0
0
0
0
0
0
0
0
0
0
0
0
0
0
0
0
0
0
0
0
0
0
0
0
0
0
0
0
0
0
0
0
0
0
0
0
0
0
0
0
0
0
0
0
0
0
0
0
0
0
0
0
0
0
0
0
0
0
0
0
0
0
0
0
0
0
0
0
0
0
0
0
0
0
0
0
0
0
0
0
0
0
0
0
0
0
0
0
0
0
0
0
0
0
0
0
0
0
0
0
0
0
0
0
0
0
0
0
0
0
0
0
0
0
0
0
0
0
0
0
0
0
0
0
0
0
0
0
0
0
0
0
0
0
0
0
0
0
0
0
0
0
0
0
0
0
0
0
0
0
0
0
0
0
0
0
0
0
0
0
0
0
0
0
0
0
0
0
0
0
0
0
0
0
0
0
0
0
0
0
0
0
0
0
0
0
0
0
0
0
0
0
0
0
0
0
0
0
0
0
0
0
0
0
0
0
0
0
0
0
0
0
0
0
0
0
0
0
0
0
0
0
0
0
0
0
0
0
0
0
0
0
0
0
0
0
0
0
0
0
0
0
0
0
0
0
0
0
0
0
0
0
0
0
0
0
0
0
0
0
0
0
0
0
0
0
0
0
0
0
0
0
0
0
0
0
0
0
0
0
0
0
0
0
0
0
0
0
0
0
0
0
0
0
0
0
0
0
0
0
0
0
0
0
0
0
0
0
0
0
0
0
0
0
0
0
0
0
0
0
0
0
0
0
0
0
0
0
0
0
0
0
0
0
0
0
0
0
0
0
0
0
0
0
0
0
0
0
0
0
0
0
0
0
0
0
0
0
0
0
0
0
0
0
0
0
0
0
0
0
0
0
0
0
0
0
0
0
0
0
0
0
0
0
0
0
0
0
0
0
0
0
0
0
0
0
0
0
0
0
0
0
0
0
0
0
0
0
0
0
0
0
0
0
0
0
0
0
0
0
0
0
0
0
0
0
0
0
0
0
0
0
0
0
0
0
0
0
0
0
0
0
0
0
0
0
0
0
0
0
0
0
0
0
0
0
0
0
0
0
0
0
0
0
0
0
0
0
0
0
0
0
0
0
0
0
0
0
0
0
0
0
0
0
0
0
0
0
0
0
0
0
0
0
0
0
0
0
0
0
0
0
0
0
0
0
0
0
0
0
0
0
0
0
0
0
0
0
0
0
0
0
0
0
0
0
0
0
0
0
0
0
0
0
0
0
0
0
0
0
0
0
0
0
0
0
0
0
0
0
0
0
0
0
0
0
0
0
0
0
0
0
0
0
0
0
0
0
0
0
0
0
0
0
0
0
0
0
0
0
0
0
0
0
0
0
0
0
0
0
0
0
0
0
0
0
0
0
0
0
0
0
0
0
0
0
0
0
0
0
0
0
0
0
0
0
0
0
0
0
0
0
0
0
0
0
0
0
0
0
0
0
0
0
0
0
0
0
0
0
0
0
0
0
0
0
0
0
0
0
0
0
0
0
0
0
0
0
0
0
0
0
0
0
0
0
0
0
0
0
0
0
0
0
0
0
0
0
0
0
0
0
0
0
0
0
0
0
0
0
0
0
0
0
0
0
0
0
0
0
0
0
0
0
0
0
0
0
0
0
0
0
0
0
0
0
0
0
0
0
0
0
0
0
0
0
0
0
0
0
0
0
0
0
0
0
0
0
0
0
0
0
0
0
0
0
0
0
0
0
0
0
0
0
0
0
0
0
0
0
0
0
0
0
0
0
0
0
0
0
0
0
0
0
0
0
0
0
0
0
0
0
0
0
0
0
0
0
0
0
0
0
0
0
0
0
0
0
0
0
0
0
0
0
0
0
0
0
0
0
0
0
0
0
0
0
0
0
0
0
0
0
0
0
0
0
0
0
0
0
0
0
0
0
0
0
0
0
0
0
0
0
0
0
0
0
0
0
0
0
0
0
0
0
0
0
0
0
0
0
0
0
0
0
0
0
0
0
0
0
0
0
0
0
0
0
0
0
0
0
0
0
0
0
0
0
0
0
0
0
0
0
0
0
0
0
0
0
0
0
0
0
0
0
0
0
0
0
0
0
0
0
0
0
0
0
0
0
0
0
0
0
0
0
0
0
0
0
0
0
0
0
0
0
0
0
0
0
0
0
0
0
0
0
0
0
0
0
0
0
0
0
0
0
0
0
0
0
0
0
0
0
0
0
0
0
0
0
0
0
0
0
0
0
0
0
0
0
0
0
0
0
0
0
0
0
0
0
0
0
0
0
0
0
0
0
0
0
0
0
0
0
0
0
0
0
0
0
0
0
0
0
0
0
0
0
0
0
0
0
0
0
0
0
0
0
0
0
0
0
0
0
0
0
0
0
0
0
0
0
0
0
0
0
0
0
0
0
0
0
0
0
0
0
0
0
0
0
0
0
0
0
0
0
0
0
0
0
0
0
0
0
0
0
0
0
0
0
0
0
0
0
0
0
0
0
0
0
0
0
0
0
0
0
0
0
0
0
0
0
0
0
0
0
0
0
0
0
0
0
0
0
0
0
0
0
0
0
0
0
0
0
0
0
0
0
0
0
0
0
0
0
0
0
0
0
0
0
0
0
0
0
0
0
0
0
0
0
0
0
0
0
0
0
0
0
0
0
0
0
0
0
0
0
0
0
0
0
0
0
0
0
0
0
0
0
0
0
0
0
0
0
0
0
0
0
0
0
0
0
0
0
0
0
0
0
0
0
0
0
0
0
0
0
0
0
0
0
0
0
0
0
0
0
0
0
0
0
0
0
0
0
0
0
0
0
0
0
0
0
0
0
0
0
0
0
0
0
0
0
0
0
0
0
0
0
0
0
0
0
0
0
0
0
0
0
0
0
0
0
0
0
0
0
0
0
0
0
0
0
0
0
0
0
0
0
0
0
0
0
0
0
0
0
0
0
0
0
0
0
0
0
0
0
0
0
0
0
0
0
0
0
0
0
0
0
0
0
0
0
0
0
0
0
0
0
0
0
0
0
0
0
0
0
0
0
0
0
0
0
0
0
0
0
0
0
0
0
0
0
0
0
0
0
0
0
0
0
0
0
0
0
0
0
0
0
0
0
0
0
0
0
0
0
0
0
0
0
0
0
0
0
0
0
0
0
0
0
0
0
0
0
0
0
0
0
0
0
0
0
0
0
0
0
0
0
0
0
0
0
0
0
0
0
0
0
0
0
0
0
0
0
0
0
0
0
0
0
0
0
0
0
0
0
0
0
0
0
0
0
0
0
0
0
0
0
0
0
0
0
0
0
0
0
0
0
0
0
0
0
0
0
0
0
0
0
0
0
0
0
0
0
0
0
0
0
0
0
0
0
0
0
0
0
0
0
0
0
0
0
0
0
0
0
0
0
0
0
0
0
0
0
0
0
0
0
0
0
0
0
0
0
0
0
0
0
0
0
0
0
0
0
0
0
0
0
0
0
0
0
0
0
0
0
0
0
0
0
0
0
0
0
0
0
0
0
0
0
0
0
0
0
0
0
0
0
0
0
0
0
0
0
0
0
0
0
0
0
0
0
0
0
0
0
0
0
0
0
0
0
0
0
0
0
0
0
0
0
0
0
0
0
0
0
