1157442769150545936
1157442769150545920
72730284048
72730284032
1157442769133768720
1157442769133768704
72713506832
72713506816
1157442769100214288
1157442769100214272
72679952400
72679952384
1157442769100214288
1157442769100214272
72679952400
72679952384
1157442769033105424
1157442769033105408
72612843536
72612843520
1157442769033105424
1157442769033105408
72612843536
72612843520
1157442769033105424
1157442769033105408
72612843536
72612843520
1157442769033105424
1157442769033105408
72612843536
72612843520
4521264543698960
4521264543698944
72730284048
72730284032
4521264526921744
4521264526921728
72713506832
72713506816
4521264493367312
4521264493367296
72679952400
72679952384
4521264493367312
4521264493367296
72679952400
72679952384
4521264426258448
4521264426258432
72612843536
72612843520
4521264426258448
4521264426258432
72612843536
72612843520
4521264426258448
4521264426258432
72612843536
72612843520
4521264426258448
4521264426258432
72612843536
72612843520
1157442765929320464
1157442765929320448
69509058576
69509058560
1157442765912543248
1157442765912543232
69492281360
69492281344
1157442765878988816
1157442765878988800
69458726928
69458726912
1157442765878988816
1157442765878988800
69458726928
69458726912
1157442765811879952
1157442765811879936
69391618064
69391618048
1157442765811879952
1157442765811879936
69391618064
69391618048
1157442765811879952
1157442765811879936
69391618064
69391618048
1157442765811879952
1157442765811879936
69391618064
69391618048
4521261322473488
4521261322473472
69509058576
69509058560
4521261305696272
4521261305696256
69492281360
69492281344
4521261272141840
4521261272141824
69458726928
69458726912
4521261272141840
4521261272141824
69458726928
69458726912
4521261205032976
4521261205032960
69391618064
69391618048
4521261205032976
4521261205032960
69391618064
69391618048
4521261205032976
4521261205032960
69391618064
69391618048
4521261205032976
4521261205032960
69391618064
69391618048
1157442767003062288
1157442767003062272
70582800400
70582800384
1157442766986285072
1157442766986285056
70566023184
70566023168
1157442766952730640
1157442766952730624
70532468752
70532468736
1157442766952730640
1157442766952730624
70532468752
70532468736
1157442766885621776
1157442766885621760
70465359888
70465359872
1157442766885621776
1157442766885621760
70465359888
70465359872
1157442766885621776
1157442766885621760
70465359888
70465359872
1157442766885621776
1157442766885621760
70465359888
70465359872
4521262396215312
4521262396215296
70582800400
70582800384
4521262379438096
4521262379438080
70566023184
70566023168
4521262345883664
4521262345883648
70532468752
70532468736
4521262345883664
4521262345883648
70532468752
70532468736
4521262278774800
4521262278774784
70465359888
70465359872
4521262278774800
4521262278774784
70465359888
70465359872
4521262278774800
4521262278774784
70465359888
70465359872
4521262278774800
4521262278774784
70465359888
70465359872
1157442765929320464
1157442765929320448
69509058576
69509058560
1157442765912543248
1157442765912543232
69492281360
69492281344
1157442765878988816
1157442765878988800
69458726928
69458726912
1157442765878988816
1157442765878988800
69458726928
69458726912
1157442765811879952
1157442765811879936
69391618064
69391618048
1157442765811879952
1157442765811879936
69391618064
69391618048
1157442765811879952
1157442765811879936
69391618064
69391618048
1157442765811879952
1157442765811879936
69391618064
69391618048
4521261322473488
4521261322473472
69509058576
69509058560
4521261305696272
4521261305696256
69492281360
69492281344
4521261272141840
4521261272141824
69458726928
69458726912
4521261272141840
4521261272141824
69458726928
69458726912
4521261205032976
4521261205032960
69391618064
69391618048
4521261205032976
4521261205032960
69391618064
69391618048
4521261205032976
4521261205032960
69391618064
69391618048
4521261205032976
4521261205032960
69391618064
69391618048
1157442769150541824
1157442769150541824
72730279936
72730279936
1157442769133764608
1157442769133764608
72713502720
72713502720
1157442769100210176
1157442769100210176
72679948288
72679948288
1157442769100210176
1157442769100210176
72679948288
72679948288
1157442769033101312
1157442769033101312
72612839424
72612839424
1157442769033101312
1157442769033101312
72612839424
72612839424
1157442769033101312
1157442769033101312
72612839424
72612839424
1157442769033101312
1157442769033101312
72612839424
72612839424
4521264543694848
4521264543694848
72730279936
72730279936
4521264526917632
4521264526917632
72713502720
72713502720
4521264493363200
4521264493363200
72679948288
72679948288
4521264493363200
4521264493363200
72679948288
72679948288
4521264426254336
4521264426254336
72612839424
72612839424
4521264426254336
4521264426254336
72612839424
72612839424
4521264426254336
4521264426254336
72612839424
72612839424
4521264426254336
4521264426254336
72612839424
72612839424
1157442765929316352
1157442765929316352
69509054464
69509054464
1157442765912539136
1157442765912539136
69492277248
69492277248
1157442765878984704
1157442765878984704
69458722816
69458722816
1157442765878984704
1157442765878984704
69458722816
69458722816
1157442765811875840
1157442765811875840
69391613952
69391613952
1157442765811875840
1157442765811875840
69391613952
69391613952
1157442765811875840
1157442765811875840
69391613952
69391613952
1157442765811875840
1157442765811875840
69391613952
69391613952
4521261322469376
4521261322469376
69509054464
69509054464
4521261305692160
4521261305692160
69492277248
69492277248
4521261272137728
4521261272137728
69458722816
69458722816
4521261272137728
4521261272137728
69458722816
69458722816
4521261205028864
4521261205028864
69391613952
69391613952
4521261205028864
4521261205028864
69391613952
69391613952
4521261205028864
4521261205028864
69391613952
69391613952
4521261205028864
4521261205028864
69391613952
69391613952
1157442767003058176
1157442767003058176
70582796288
70582796288
1157442766986280960
1157442766986280960
70566019072
70566019072
1157442766952726528
1157442766952726528
70532464640
70532464640
1157442766952726528
1157442766952726528
70532464640
70532464640
1157442766885617664
1157442766885617664
70465355776
70465355776
1157442766885617664
1157442766885617664
70465355776
70465355776
1157442766885617664
1157442766885617664
70465355776
70465355776
1157442766885617664
1157442766885617664
70465355776
70465355776
4521262396211200
4521262396211200
70582796288
70582796288
4521262379433984
4521262379433984
70566019072
70566019072
4521262345879552
4521262345879552
70532464640
70532464640
4521262345879552
4521262345879552
70532464640
70532464640
4521262278770688
4521262278770688
70465355776
70465355776
4521262278770688
4521262278770688
70465355776
70465355776
4521262278770688
4521262278770688
70465355776
70465355776
4521262278770688
4521262278770688
70465355776
70465355776
1157442765929316352
1157442765929316352
69509054464
69509054464
1157442765912539136
1157442765912539136
69492277248
69492277248
1157442765878984704
1157442765878984704
69458722816
69458722816
1157442765878984704
1157442765878984704
69458722816
69458722816
1157442765811875840
1157442765811875840
69391613952
69391613952
1157442765811875840
1157442765811875840
69391613952
69391613952
1157442765811875840
1157442765811875840
69391613952
69391613952
1157442765811875840
1157442765811875840
69391613952
69391613952
4521261322469376
4521261322469376
69509054464
69509054464
4521261305692160
4521261305692160
69492277248
69492277248
4521261272137728
4521261272137728
69458722816
69458722816
4521261272137728
4521261272137728
69458722816
69458722816
4521261205028864
4521261205028864
69391613952
69391613952
4521261205028864
4521261205028864
69391613952
69391613952
4521261205028864
4521261205028864
69391613952
69391613952
4521261205028864
4521261205028864
69391613952
69391613952
17664916328464
17664916328448
72730284048
72730284032
17664899551248
17664899551232
72713506832
72713506816
17664865996816
17664865996800
72679952400
72679952384
17664865996816
17664865996800
72679952400
72679952384
17664798887952
17664798887936
72612843536
72612843520
17664798887952
17664798887936
72612843536
72612843520
17664798887952
17664798887936
72612843536
72612843520
17664798887952
17664798887936
72612843536
72612843520
17664916328464
17664916328448
72730284048
72730284032
17664899551248
17664899551232
72713506832
72713506816
17664865996816
17664865996800
72679952400
72679952384
17664865996816
17664865996800
72679952400
72679952384
17664798887952
17664798887936
72612843536
72612843520
17664798887952
17664798887936
72612843536
72612843520
17664798887952
17664798887936
72612843536
72612843520
17664798887952
17664798887936
72612843536
72612843520
17661695102992
17661695102976
69509058576
69509058560
17661678325776
17661678325760
69492281360
69492281344
17661644771344
17661644771328
69458726928
69458726912
17661644771344
17661644771328
69458726928
69458726912
17661577662480
17661577662464
69391618064
69391618048
17661577662480
17661577662464
69391618064
69391618048
17661577662480
17661577662464
69391618064
69391618048
17661577662480
17661577662464
69391618064
69391618048
17661695102992
17661695102976
69509058576
69509058560
17661678325776
17661678325760
69492281360
69492281344
17661644771344
17661644771328
69458726928
69458726912
17661644771344
17661644771328
69458726928
69458726912
17661577662480
17661577662464
69391618064
69391618048
17661577662480
17661577662464
69391618064
69391618048
17661577662480
17661577662464
69391618064
69391618048
17661577662480
17661577662464
69391618064
69391618048
17662768844816
17662768844800
70582800400
70582800384
17662752067600
17662752067584
70566023184
70566023168
17662718513168
17662718513152
70532468752
70532468736
17662718513168
17662718513152
70532468752
70532468736
17662651404304
17662651404288
70465359888
70465359872
17662651404304
17662651404288
70465359888
70465359872
17662651404304
17662651404288
70465359888
70465359872
17662651404304
17662651404288
70465359888
70465359872
17662768844816
17662768844800
70582800400
70582800384
17662752067600
17662752067584
70566023184
70566023168
17662718513168
17662718513152
70532468752
70532468736
17662718513168
17662718513152
70532468752
70532468736
17662651404304
17662651404288
70465359888
70465359872
17662651404304
17662651404288
70465359888
70465359872
17662651404304
17662651404288
70465359888
70465359872
17662651404304
17662651404288
70465359888
70465359872
17661695102992
17661695102976
69509058576
69509058560
17661678325776
17661678325760
69492281360
69492281344
17661644771344
17661644771328
69458726928
69458726912
17661644771344
17661644771328
69458726928
69458726912
17661577662480
17661577662464
69391618064
69391618048
17661577662480
17661577662464
69391618064
69391618048
17661577662480
17661577662464
69391618064
69391618048
17661577662480
17661577662464
69391618064
69391618048
17661695102992
17661695102976
69509058576
69509058560
17661678325776
17661678325760
69492281360
69492281344
17661644771344
17661644771328
69458726928
69458726912
17661644771344
17661644771328
69458726928
69458726912
17661577662480
17661577662464
69391618064
69391618048
17661577662480
17661577662464
69391618064
69391618048
17661577662480
17661577662464
69391618064
69391618048
17661577662480
17661577662464
69391618064
69391618048
17664916324352
17664916324352
72730279936
72730279936
17664899547136
17664899547136
72713502720
72713502720
17664865992704
17664865992704
72679948288
72679948288
17664865992704
17664865992704
72679948288
72679948288
17664798883840
17664798883840
72612839424
72612839424
17664798883840
17664798883840
72612839424
72612839424
17664798883840
17664798883840
72612839424
72612839424
17664798883840
17664798883840
72612839424
72612839424
17664916324352
17664916324352
72730279936
72730279936
17664899547136
17664899547136
72713502720
72713502720
17664865992704
17664865992704
72679948288
72679948288
17664865992704
17664865992704
72679948288
72679948288
17664798883840
17664798883840
72612839424
72612839424
17664798883840
17664798883840
72612839424
72612839424
17664798883840
17664798883840
72612839424
72612839424
17664798883840
17664798883840
72612839424
72612839424
17661695098880
17661695098880
69509054464
69509054464
17661678321664
17661678321664
69492277248
69492277248
17661644767232
17661644767232
69458722816
69458722816
17661644767232
17661644767232
69458722816
69458722816
17661577658368
17661577658368
69391613952
69391613952
17661577658368
17661577658368
69391613952
69391613952
17661577658368
17661577658368
69391613952
69391613952
17661577658368
17661577658368
69391613952
69391613952
17661695098880
17661695098880
69509054464
69509054464
17661678321664
17661678321664
69492277248
69492277248
17661644767232
17661644767232
69458722816
69458722816
17661644767232
17661644767232
69458722816
69458722816
17661577658368
17661577658368
69391613952
69391613952
17661577658368
17661577658368
69391613952
69391613952
17661577658368
17661577658368
69391613952
69391613952
17661577658368
17661577658368
69391613952
69391613952
17662768840704
17662768840704
70582796288
70582796288
17662752063488
17662752063488
70566019072
70566019072
17662718509056
17662718509056
70532464640
70532464640
17662718509056
17662718509056
70532464640
70532464640
17662651400192
17662651400192
70465355776
70465355776
17662651400192
17662651400192
70465355776
70465355776
17662651400192
17662651400192
70465355776
70465355776
17662651400192
17662651400192
70465355776
70465355776
17662768840704
17662768840704
70582796288
70582796288
17662752063488
17662752063488
70566019072
70566019072
17662718509056
17662718509056
70532464640
70532464640
17662718509056
17662718509056
70532464640
70532464640
17662651400192
17662651400192
70465355776
70465355776
17662651400192
17662651400192
70465355776
70465355776
17662651400192
17662651400192
70465355776
70465355776
17662651400192
17662651400192
70465355776
70465355776
17661695098880
17661695098880
69509054464
69509054464
17661678321664
17661678321664
69492277248
69492277248
17661644767232
17661644767232
69458722816
69458722816
17661644767232
17661644767232
69458722816
69458722816
17661577658368
17661577658368
69391613952
69391613952
17661577658368
17661577658368
69391613952
69391613952
17661577658368
17661577658368
69391613952
69391613952
17661577658368
17661577658368
69391613952
69391613952
17661695098880
17661695098880
69509054464
69509054464
17661678321664
17661678321664
69492277248
69492277248
17661644767232
17661644767232
69458722816
69458722816
17661644767232
17661644767232
69458722816
69458722816
17661577658368
17661577658368
69391613952
69391613952
17661577658368
17661577658368
69391613952
69391613952
17661577658368
17661577658368
69391613952
69391613952
17661577658368
17661577658368
69391613952
69391613952
0
0
0
0
0
0
0
0
0
0
0
0
0
0
0
0
0
0
0
0
0
0
0
0
0
0
0
0
0
0
0
0
0
0
0
0
0
0
0
0
0
0
0
0
0
0
0
0
0
0
0
0
0
0
0
0
0
0
0
0
0
0
0
0
0
0
0
0
0
0
0
0
0
0
0
0
0
0
0
0
0
0
0
0
0
0
0
0
0
0
0
0
0
0
0
0
0
0
0
0
0
0
0
0
0
0
0
0
0
0
0
0
0
0
0
0
0
0
0
0
0
0
0
0
0
0
0
0
0
0
0
0
0
0
0
0
0
0
0
0
0
0
0
0
0
0
0
0
0
0
0
0
0
0
0
0
0
0
0
0
0
0
0
0
0
0
0
0
0
0
0
0
0
0
0
0
0
0
0
0
0
0
0
0
0
0
0
0
0
0
0
0
0
0
0
0
0
0
0
0
0
0
0
0
0
0
0
0
0
0
0
0
0
0
0
0
0
0
0
0
0
0
0
0
0
0
0
0
0
0
0
0
0
0
0
0
0
0
0
0
0
0
0
0
0
0
0
0
0
0
0
0
0
0
0
0
0
0
0
0
0
0
0
0
0
0
0
0
0
0
0
0
0
0
0
0
0
0
0
0
0
0
0
0
0
0
0
0
0
0
0
0
0
0
0
0
0
0
0
0
0
0
0
0
0
0
0
0
0
0
0
0
0
0
0
0
0
0
0
0
0
0
0
0
0
0
0
0
0
0
0
0
0
0
0
0
0
0
0
0
0
0
0
0
0
0
0
0
0
0
0
0
0
0
0
0
0
0
0
0
0
0
0
0
0
0
0
0
0
0
0
0
0
0
0
0
0
0
0
0
0
0
0
0
0
0
0
0
0
0
0
0
0
0
0
0
0
0
0
0
0
0
0
0
0
0
0
0
0
0
0
0
0
0
0
0
0
0
0
0
0
0
0
0
0
0
0
0
0
0
0
0
0
0
0
0
0
0
0
0
0
0
0
0
0
0
0
0
0
0
0
0
0
0
0
0
0
0
0
0
0
0
0
0
0
0
0
0
0
0
0
0
0
0
0
0
0
0
0
0
0
0
0
0
0
0
0
0
0
0
0
0
0
0
0
0
0
0
0
0
0
0
0
0
0
0
0
0
0
0
0
0
0
0
0
0
0
0
0
0
0
0
0
0
0
0
0
0
0
0
0
0
0
0
0
0
0
0
0
0
0
0
0
0
0
0
0
0
0
0
0
0
0
0
0
0
0
0
0
0
0
0
0
0
0
0
0
0
0
0
0
0
0
0
0
0
0
0
0
0
0
0
0
0
0
0
0
0
0
0
0
0
0
0
0
0
0
0
0
0
0
0
0
0
0
0
0
0
0
0
0
0
0
0
0
0
0
0
0
0
0
0
0
0
0
0
0
0
0
0
0
0
0
0
0
0
0
0
0
0
0
0
0
0
0
0
0
0
0
0
0
0
0
0
0
0
0
0
0
0
0
0
0
0
0
0
0
0
0
0
0
0
0
0
0
0
0
0
0
0
0
0
0
0
0
0
0
0
0
0
0
0
0
0
0
0
0
0
0
0
0
0
0
0
0
0
0
0
0
0
0
0
0
0
0
0
0
0
0
0
0
0
0
0
0
0
0
0
0
0
0
0
0
0
0
0
0
0
0
0
0
0
0
0
0
0
0
0
0
0
0
0
0
0
0
0
0
0
0
0
0
0
0
0
0
0
0
0
0
0
0
0
0
0
0
0
0
0
0
0
0
0
0
0
0
0
0
0
0
0
0
0
0
0
0
0
0
0
0
0
0
0
0
0
0
0
0
0
0
0
0
0
0
0
0
0
0
0
0
0
0
0
0
0
0
0
0
0
0
0
0
0
0
0
0
0
0
0
0
0
0
0
0
0
0
0
0
0
0
0
0
0
0
0
0
0
0
0
0
0
0
0
0
0
0
0
0
0
0
0
0
0
0
0
0
0
0
0
0
0
0
0
0
0
0
0
0
0
0
0
0
0
0
0
0
0
0
0
0
0
0
0
0
0
0
0
0
0
0
0
0
0
0
0
0
0
0
0
0
0
0
0
0
0
0
0
0
0
0
0
0
0
0
0
0
0
0
0
0
0
0
0
0
0
0
0
0
0
0
0
0
0
0
0
0
0
0
0
0
0
0
0
0
0
0
0
0
0
0
0
0
0
0
0
0
0
0
0
0
0
0
0
0
0
0
0
0
0
0
0
0
0
0
0
0
0
0
0
0
0
0
0
0
0
0
0
0
0
0
0
0
0
0
0
0
0
0
0
0
0
0
0
0
0
0
0
0
0
0
0
0
0
0
0
0
0
0
0
0
0
0
0
0
0
0
0
0
0
0
0
0
0
0
0
0
0
0
0
0
0
0
0
0
0
0
0
0
0
0
0
0
0
0
0
0
0
0
0
0
0
0
0
0
0
0
0
0
0
0
0
0
0
0
0
0
0
0
0
0
0
0
0
0
0
0
0
0
0
0
0
0
0
0
0
0
0
0
0
0
0
0
0
0
0
0
0
0
0
0
0
0
0
0
0
0
0
0
0
0
0
0
0
0
0
0
0
0
0
0
0
0
0
0
0
0
0
0
0
0
0
0
0
0
0
0
0
0
0
0
0
0
0
0
0
0
0
0
0
0
0
0
0
0
0
0
0
0
0
0
0
0
0
0
0
0
0
0
0
0
0
0
0
0
0
0
0
0
0
0
0
0
0
0
0
0
0
0
0
0
0
0
0
0
0
0
0
0
0
0
0
0
0
0
0
0
0
0
0
0
0
0
0
0
0
0
0
0
0
0
0
0
0
0
0
0
0
0
0
0
0
0
0
0
0
0
0
0
0
0
0
0
0
0
0
0
0
0
0
0
0
0
0
0
0
0
0
0
0
0
0
0
0
0
0
0
0
0
0
0
0
0
0
0
0
0
0
0
0
0
0
0
0
0
0
0
0
0
0
0
0
0
0
0
0
0
0
0
0
0
0
0
0
0
0
0
0
0
0
0
0
0
0
0
0
0
0
0
0
0
0
0
0
0
0
0
0
0
0
0
0
0
0
0
0
0
0
0
0
0
0
0
0
0
0
0
0
0
0
0
0
0
0
0
0
0
0
0
0
0
0
0
0
0
0
0
0
0
0
0
0
0
0
0
0
0
0
0
0
0
0
0
0
0
0
0
0
0
0
0
0
0
0
0
0
0
0
0
0
0
0
0
0
0
0
0
0
0
0
0
0
0
0
0
0
0
0
0
0
0
0
0
0
0
0
0
0
0
0
0
0
0
0
0
0
0
0
0
0
0
0
0
0
0
0
0
0
0
0
0
0
0
0
0
0
0
0
0
0
0
0
0
0
0
0
0
0
0
0
0
0
0
0
0
0
0
0
0
0
0
0
0
0
0
0
0
0
0
0
0
0
0
0
0
0
0
0
0
0
0
0
0
0
0
0
0
0
0
0
0
0
0
0
0
0
0
0
0
0
0
0
0
0
0
0
0
0
0
0
0
0
0
0
0
0
0
0
0
0
0
0
0
0
0
0
0
0
0
0
0
0
0
0
0
0
0
0
0
0
0
0
0
0
0
0
0
0
0
0
0
0
0
0
0
0
0
0
0
0
0
0
0
0
0
0
0
0
0
0
0
0
0
0
0
0
0
0
0
0
0
0
0
0
0
0
0
0
0
0
0
0
0
0
0
0
0
0
0
0
0
0
0
0
0
0
0
0
0
0
0
0
0
0
0
0
0
0
0
0
0
0
0
0
0
0
0
0
0
0
0
0
0
0
0
0
0
0
0
0
0
0
0
0
0
0
0
0
0
0
0
0
0
0
0
0
0
0
0
0
0
0
0
0
0
0
0
0
0
0
0
0
0
0
0
0
0
0
0
0
0
0
0
0
0
0
0
0
0
0
0
0
0
0
0
0
0
0
0
0
0
0
0
0
0
0
0
0
0
0
0
0
0
0
0
0
0
0
0
0
0
0
0
0
0
0
0
0
0
0
0
0
0
0
0
0
0
0
0
0
0
0
0
0
0
0
0
0
0
0
0
0
0
0
0
0
0
0
0
0
0
0
0
0
0
0
0
0
0
0
0
0
0
0
0
0
0
0
0
0
0
0
0
0
0
0
0
0
0
0
0
0
0
0
0
0
0
0
0
0
0
0
0
0
0
0
0
0
0
0
0
0
0
0
0
0
0
0
0
0
0
0
0
0
0
0
0
0
0
0
0
0
0
0
0
0
0
0
0
0
0
0
0
0
0
0
0
0
0
0
0
0
0
0
0
0
0
0
0
0
0
0
0
0
0
0
0
0
0
0
0
0
0
0
0
0
0
0
0
0
0
0
0
0
0
0
0
0
0
0
0
0
0
0
0
0
0
0
0
0
0
0
0
0
0
0
0
0
0
0
0
0
0
0
0
0
0
0
0
0
0
0
0
0
0
0
0
0
0
0
0
0
0
0
0
0
0
0
0
0
0
0
0
0
0
0
0
0
0
0
0
0
0
0
0
0
0
0
0
0
0
0
0
0
0
0
0
0
0
0
0
0
0
0
0
0
0
0
0
0
0
0
0
0
0
0
0
0
0
0
0
0
0
0
0
0
0
0
0
0
0
0
0
0
0
0
0
0
0
0
0
0
0
0
0
0
0
0
0
0
0
0
0
0
0
0
0
0
0
0
0
0
0
0
0
0
0
0
0
0
0
0
0
0
0
0
0
0
0
0
0
0
0
0
0
0
0
0
0
0
0
0
0
0
0
0
0
0
0
0
0
0
0
0
0
0
0
0
0
0
0
0
0
0
0
0
0
0
0
0
0
0
0
0
0
0
0
0
0
0
0
0
0
0
0
0
0
0
0
0
0
0
0
0
0
0
0
0
0
0
0
0
0
0
0
0
0
0
0
0
0
0
0
0
0
0
0
0
0
0
0
0
0
0
0
0
0
0
0
0
0
0
0
0
0
0
0
0
0
0
0
0
0
0
0
0
0
0
0
0
0
0
0
0
0
0
0
0
0
0
0
0
0
0
0
0
0
0
0
0
0
0
0
0
0
0
0
0
0
0
0
0
0
0
0
0
0
0
0
0
0
0
0
0
0
0
0
0
0
0
0
0
0
0
0
0
0
0
0
0
0
0
0
0
0
0
0
0
0
0
0
0
0
0
0
0
0
0
0
0
0
0
0
0
0
0
0
0
0
0
0
0
0
0
0
0
0
0
0
0
0
0
0
0
0
0
0
0
0
0
0
0
0
0
0
0
0
0
0
0
0
0
0
0
0
0
0
0
0
0
0
0
0
0
0
0
0
0
0
0
0
0
0
0
0
0
0
0
0
0
0
0
0
0
0
0
0
0
0
0
0
0
0
0
0
0
0
0
0
0
0
0
0
0
0
0
0
0
0
0
0
0
0
0
0
0
0
0
0
0
0
0
0
0
0
0
0
0
0
0
0
0
0
0
0
0
0
0
0
0
0
0
0
0
0
0
0
0
0
0
0
0
0
0
0
0
0
0
0
0
0
0
0
0
0
0
0
0
0
0
0
0
0
0
0
0
0
0
0
0
0
0
0
0
0
0
0
0
0
0
0
0
0
0
0
0
0
0
0
0
0
0
0
0
0
0
0
0
0
0
0
0
0
0
0
0
0
0
0
0
0
0
0
0
0
0
0
0
0
0
0
0
0
0
0
0
0
0
0
0
0
0
0
0
0
0
0
0
0
0
0
0
0
0
0
0
0
0
0
0
0
0
0
0
0
0
0
0
0
0
0
0
0
0
0
0
0
0
0
0
0
0
0
0
0
0
0
0
0
0
0
0
0
0
0
0
0
0
0
0
0
0
0
0
0
0
0
0
0
0
0
0
0
0
0
0
0
0
0
0
0
0
0
0
0
0
0
0
0
0
0
0
0
0
0
0
0
0
0
0
0
0
0
0
0
0
0
0
0
0
0
0
0
0
0
0
0
0
0
0
0
0
0
0
0
0
0
0
0
0
0
0
0
0
0
0
0
0
0
0
0
0
0
0
0
0
0
0
0
0
0
0
0
0
0
0
0
0
0
0
0
0
0
0
0
0
0
0
0
0
0
0
0
0
0
0
0
0
0
0
0
0
0
0
0
0
0
0
0
0
0
0
0
0
0
0
0
0
0
0
0
0
0
0
0
0
0
0
0
0
0
0
0
0
0
0
0
0
0
0
0
0
0
0
0
0
0
0
0
0
0
0
0
0
0
0
0
0
0
0
0
0
0
0
0
0
0
0
0
0
0
0
0
0
0
0
0
0
0
0
0
0
0
0
0
0
0
0
0
0
0
0
0
0
0
0
0
0
0
0
0
0
0
0
0
0
0
0
0
0
0
0
0
0
0
0
0
0
0
0
0
0
0
0
0
0
0
0
0
0
0
0
0
0
0
0
0
0
0
0
0
0
0
0
0
0
0
0
0
0
0
0
0
0
0
0
0
0
0
0
0
0
0
0
0
0
0
0
0
0
0
0
0
0
0
0
0
0
0
0
0
0
0
0
0
0
0
0
0
0
0
0
0
0
0
0
0
0
0
0
0
0
0
0
0
0
0
0
0
0
0
0
0
0
0
0
0
0
0
0
0
0
0
0
0
0
0
0
0
0
0
0
0
0
0
0
0
0
0
0
0
0
0
0
0
0
0
0
0
0
0
0
0
0
0
0
0
0
0
0
0
0
0
0
0
0
0
0
0
0
0
0
0
0
0
0
0
0
0
0
0
0
0
0
0
0
0
0
0
0
0
0
0
0
0
0
0
0
0
0
0
0
0
0
0
0
0
0
0
0
0
0
0
0
0
0
0
0
0
0
0
0
0
0
0
0
0
0
0
0
0
0
0
0
0
0
0
0
0
0
0
0
0
0
0
0
0
0
0
0
0
0
0
0
0
0
0
0
0
0
0
0
0
0
