72341259464802561
72341259464802560
1640694284288
1640694284288
283665426874625
283665426874624
1640694284288
1640694284288
72340177133043969
72340177133043968
1108118339584
1108118339584
282583095116033
282583095116032
1108118339584
1108118339584
72340194312913153
72340194312913152
1125298208768
1125298208768
282600274985217
282600274985216
1125298208768
1125298208768
72340177133043969
72340177133043968
1108118339584
1108118339584
282583095116033
282583095116032
1108118339584
1108118339584
72340228672651521
72340228672651520
1159657947136
1159657947136
282634634723585
282634634723584
1159657947136
1159657947136
72340177133043969
72340177133043968
1108118339584
1108118339584
282583095116033
282583095116032
1108118339584
1108118339584
72340194312913153
72340194312913152
1125298208768
1125298208768
282600274985217
282600274985216
1125298208768
1125298208768
72340177133043969
72340177133043968
1108118339584
1108118339584
282583095116033
282583095116032
1108118339584
1108118339584
72340297392128257
72340297392128256
1228377423872
1228377423872
282703354200321
282703354200320
1228377423872
1228377423872
72340177133043969
72340177133043968
1108118339584
1108118339584
282583095116033
282583095116032
1108118339584
1108118339584
72340194312913153
72340194312913152
1125298208768
1125298208768
282600274985217
282600274985216
1125298208768
1125298208768
72340177133043969
72340177133043968
1108118339584
1108118339584
282583095116033
282583095116032
1108118339584
1108118339584
72340228672651521
72340228672651520
1159657947136
1159657947136
282634634723585
282634634723584
1159657947136
1159657947136
72340177133043969
72340177133043968
1108118339584
1108118339584
282583095116033
282583095116032
1108118339584
1108118339584
72340194312913153
72340194312913152
1125298208768
1125298208768
282600274985217
282600274985216
1125298208768
1125298208768
72340177133043969
72340177133043968
1108118339584
1108118339584
282583095116033
282583095116032
1108118339584
1108118339584
72340434831081729
72340434831081728
1365816377344
1365816377344
282840793153793
282840793153792
1365816377344
1365816377344
72340177133043969
72340177133043968
1108118339584
1108118339584
282583095116033
282583095116032
1108118339584
1108118339584
72340194312913153
72340194312913152
1125298208768
1125298208768
282600274985217
282600274985216
1125298208768
1125298208768
72340177133043969
72340177133043968
1108118339584
1108118339584
282583095116033
282583095116032
1108118339584
1108118339584
72340228672651521
72340228672651520
1159657947136
1159657947136
282634634723585
282634634723584
1159657947136
1159657947136
72340177133043969
72340177133043968
1108118339584
1108118339584
282583095116033
282583095116032
1108118339584
1108118339584
72340194312913153
72340194312913152
1125298208768
1125298208768
282600274985217
282600274985216
1125298208768
1125298208768
72340177133043969
72340177133043968
1108118339584
1108118339584
282583095116033
282583095116032
1108118339584
1108118339584
72340297392128257
72340297392128256
1228377423872
1228377423872
282703354200321
282703354200320
1228377423872
1228377423872
72340177133043969
72340177133043968
1108118339584
1108118339584
282583095116033
282583095116032
1108118339584
1108118339584
72340194312913153
72340194312913152
1125298208768
1125298208768
282600274985217
282600274985216
1125298208768
1125298208768
72340177133043969
72340177133043968
1108118339584
1108118339584
282583095116033
282583095116032
1108118339584
1108118339584
72340228672651521
72340228672651520
1159657947136
1159657947136
282634634723585
282634634723584
1159657947136
1159657947136
72340177133043969
72340177133043968
1108118339584
1108118339584
282583095116033
282583095116032
1108118339584
1108118339584
72340194312913153
72340194312913152
1125298208768
1125298208768
282600274985217
282600274985216
1125298208768
1125298208768
72340177133043969
72340177133043968
1108118339584
1108118339584
282583095116033
282583095116032
1108118339584
1108118339584
72340709708988673
72340709708988672
72341259464802304
72341259464802304
283115671060737
283115671060736
283665426874368
283665426874368
72340177133043969
72340177133043968
72340177133043712
72340177133043712
282583095116033
282583095116032
282583095115776
282583095115776
72340194312913153
72340194312913152
72340194312912896
72340194312912896
282600274985217
282600274985216
282600274984960
282600274984960
72340177133043969
72340177133043968
72340177133043712
72340177133043712
282583095116033
282583095116032
282583095115776
282583095115776
72340228672651521
72340228672651520
72340228672651264
72340228672651264
282634634723585
282634634723584
282634634723328
282634634723328
72340177133043969
72340177133043968
72340177133043712
72340177133043712
282583095116033
282583095116032
282583095115776
282583095115776
72340194312913153
72340194312913152
72340194312912896
72340194312912896
282600274985217
282600274985216
282600274984960
282600274984960
72340177133043969
72340177133043968
72340177133043712
72340177133043712
282583095116033
282583095116032
282583095115776
282583095115776
72340297392128257
72340297392128256
72340297392128000
72340297392128000
282703354200321
282703354200320
282703354200064
282703354200064
72340177133043969
72340177133043968
72340177133043712
72340177133043712
282583095116033
282583095116032
282583095115776
282583095115776
72340194312913153
72340194312913152
72340194312912896
72340194312912896
282600274985217
282600274985216
282600274984960
282600274984960
72340177133043969
72340177133043968
72340177133043712
72340177133043712
282583095116033
282583095116032
282583095115776
282583095115776
72340228672651521
72340228672651520
72340228672651264
72340228672651264
282634634723585
282634634723584
282634634723328
282634634723328
72340177133043969
72340177133043968
72340177133043712
72340177133043712
282583095116033
282583095116032
282583095115776
282583095115776
72340194312913153
72340194312913152
72340194312912896
72340194312912896
282600274985217
282600274985216
282600274984960
282600274984960
72340177133043969
72340177133043968
72340177133043712
72340177133043712
282583095116033
282583095116032
282583095115776
282583095115776
72340434831081729
72340434831081728
72340434831081472
72340434831081472
282840793153793
282840793153792
282840793153536
282840793153536
72340177133043969
72340177133043968
72340177133043712
72340177133043712
282583095116033
282583095116032
282583095115776
282583095115776
72340194312913153
72340194312913152
72340194312912896
72340194312912896
282600274985217
282600274985216
282600274984960
282600274984960
72340177133043969
72340177133043968
72340177133043712
72340177133043712
282583095116033
282583095116032
282583095115776
282583095115776
72340228672651521
72340228672651520
72340228672651264
72340228672651264
282634634723585
282634634723584
282634634723328
282634634723328
72340177133043969
72340177133043968
72340177133043712
72340177133043712
282583095116033
282583095116032
282583095115776
282583095115776
72340194312913153
72340194312913152
72340194312912896
72340194312912896
282600274985217
282600274985216
282600274984960
282600274984960
72340177133043969
72340177133043968
72340177133043712
72340177133043712
282583095116033
282583095116032
282583095115776
282583095115776
72340297392128257
72340297392128256
72340297392128000
72340297392128000
282703354200321
282703354200320
282703354200064
282703354200064
72340177133043969
72340177133043968
72340177133043712
72340177133043712
282583095116033
282583095116032
282583095115776
282583095115776
72340194312913153
72340194312913152
72340194312912896
72340194312912896
282600274985217
282600274985216
282600274984960
282600274984960
72340177133043969
72340177133043968
72340177133043712
72340177133043712
282583095116033
282583095116032
282583095115776
282583095115776
72340228672651521
72340228672651520
72340228672651264
72340228672651264
282634634723585
282634634723584
282634634723328
282634634723328
72340177133043969
72340177133043968
72340177133043712
72340177133043712
282583095116033
282583095116032
282583095115776
282583095115776
72340194312913153
72340194312913152
72340194312912896
72340194312912896
282600274985217
282600274985216
282600274984960
282600274984960
72340177133043969
72340177133043968
72340177133043712
72340177133043712
282583095116033
282583095116032
282583095115776
282583095115776
72341259464736768
72341259464736768
72340709708988416
72340709708988416
283665426808832
283665426808832
283115671060480
283115671060480
72340177132978176
72340177132978176
72340177133043712
72340177133043712
282583095050240
282583095050240
282583095115776
282583095115776
72340194312847360
72340194312847360
72340194312912896
72340194312912896
282600274919424
282600274919424
282600274984960
282600274984960
72340177132978176
72340177132978176
72340177133043712
72340177133043712
282583095050240
282583095050240
282583095115776
282583095115776
72340228672585728
72340228672585728
72340228672651264
72340228672651264
282634634657792
282634634657792
282634634723328
282634634723328
72340177132978176
72340177132978176
72340177133043712
72340177133043712
282583095050240
282583095050240
282583095115776
282583095115776
72340194312847360
72340194312847360
72340194312912896
72340194312912896
282600274919424
282600274919424
282600274984960
282600274984960
72340177132978176
72340177132978176
72340177133043712
72340177133043712
282583095050240
282583095050240
282583095115776
282583095115776
72340297392062464
72340297392062464
72340297392128000
72340297392128000
282703354134528
282703354134528
282703354200064
282703354200064
72340177132978176
72340177132978176
72340177133043712
72340177133043712
282583095050240
282583095050240
282583095115776
282583095115776
72340194312847360
72340194312847360
72340194312912896
72340194312912896
282600274919424
282600274919424
282600274984960
282600274984960
72340177132978176
72340177132978176
72340177133043712
72340177133043712
282583095050240
282583095050240
282583095115776
282583095115776
72340228672585728
72340228672585728
72340228672651264
72340228672651264
282634634657792
282634634657792
282634634723328
282634634723328
72340177132978176
72340177132978176
72340177133043712
72340177133043712
282583095050240
282583095050240
282583095115776
282583095115776
72340194312847360
72340194312847360
72340194312912896
72340194312912896
282600274919424
282600274919424
282600274984960
282600274984960
72340177132978176
72340177132978176
72340177133043712
72340177133043712
282583095050240
282583095050240
282583095115776
282583095115776
72340434831015936
72340434831015936
72340434831081472
72340434831081472
282840793088000
282840793088000
282840793153536
282840793153536
72340177132978176
72340177132978176
72340177133043712
72340177133043712
282583095050240
282583095050240
282583095115776
282583095115776
72340194312847360
72340194312847360
72340194312912896
72340194312912896
282600274919424
282600274919424
282600274984960
282600274984960
72340177132978176
72340177132978176
72340177133043712
72340177133043712
282583095050240
282583095050240
282583095115776
282583095115776
72340228672585728
72340228672585728
72340228672651264
72340228672651264
282634634657792
282634634657792
282634634723328
282634634723328
72340177132978176
72340177132978176
72340177133043712
72340177133043712
282583095050240
282583095050240
282583095115776
282583095115776
72340194312847360
72340194312847360
72340194312912896
72340194312912896
282600274919424
282600274919424
282600274984960
282600274984960
72340177132978176
72340177132978176
72340177133043712
72340177133043712
282583095050240
282583095050240
282583095115776
282583095115776
72340297392062464
72340297392062464
72340297392128000
72340297392128000
282703354134528
282703354134528
282703354200064
282703354200064
72340177132978176
72340177132978176
72340177133043712
72340177133043712
282583095050240
282583095050240
282583095115776
282583095115776
72340194312847360
72340194312847360
72340194312912896
72340194312912896
282600274919424
282600274919424
282600274984960
282600274984960
72340177132978176
72340177132978176
72340177133043712
72340177133043712
282583095050240
282583095050240
282583095115776
282583095115776
72340228672585728
72340228672585728
72340228672651264
72340228672651264
282634634657792
282634634657792
282634634723328
282634634723328
72340177132978176
72340177132978176
72340177133043712
72340177133043712
282583095050240
282583095050240
282583095115776
282583095115776
72340194312847360
72340194312847360
72340194312912896
72340194312912896
282600274919424
282600274919424
282600274984960
282600274984960
72340177132978176
72340177132978176
72340177133043712
72340177133043712
282583095050240
282583095050240
282583095115776
282583095115776
72340709708922880
72340709708922880
72341259464736768
72341259464736768
283115670994944
283115670994944
283665426808832
283665426808832
72340177132978176
72340177132978176
72340177132978176
72340177132978176
282583095050240
282583095050240
282583095050240
282583095050240
72340194312847360
72340194312847360
72340194312847360
72340194312847360
282600274919424
282600274919424
282600274919424
282600274919424
72340177132978176
72340177132978176
72340177132978176
72340177132978176
282583095050240
282583095050240
282583095050240
282583095050240
72340228672585728
72340228672585728
72340228672585728
72340228672585728
282634634657792
282634634657792
282634634657792
282634634657792
72340177132978176
72340177132978176
72340177132978176
72340177132978176
282583095050240
282583095050240
282583095050240
282583095050240
72340194312847360
72340194312847360
72340194312847360
72340194312847360
282600274919424
282600274919424
282600274919424
282600274919424
72340177132978176
72340177132978176
72340177132978176
72340177132978176
282583095050240
282583095050240
282583095050240
282583095050240
72340297392062464
72340297392062464
72340297392062464
72340297392062464
282703354134528
282703354134528
282703354134528
282703354134528
72340177132978176
72340177132978176
72340177132978176
72340177132978176
282583095050240
282583095050240
282583095050240
282583095050240
72340194312847360
72340194312847360
72340194312847360
72340194312847360
282600274919424
282600274919424
282600274919424
282600274919424
72340177132978176
72340177132978176
72340177132978176
72340177132978176
282583095050240
282583095050240
282583095050240
282583095050240
72340228672585728
72340228672585728
72340228672585728
72340228672585728
282634634657792
282634634657792
282634634657792
282634634657792
72340177132978176
72340177132978176
72340177132978176
72340177132978176
282583095050240
282583095050240
282583095050240
282583095050240
72340194312847360
72340194312847360
72340194312847360
72340194312847360
282600274919424
282600274919424
282600274919424
282600274919424
72340177132978176
72340177132978176
72340177132978176
72340177132978176
282583095050240
282583095050240
282583095050240
282583095050240
72340434831015936
72340434831015936
72340434831015936
72340434831015936
282840793088000
282840793088000
282840793088000
282840793088000
72340177132978176
72340177132978176
72340177132978176
72340177132978176
282583095050240
282583095050240
282583095050240
282583095050240
72340194312847360
72340194312847360
72340194312847360
72340194312847360
282600274919424
282600274919424
282600274919424
282600274919424
72340177132978176
72340177132978176
72340177132978176
72340177132978176
282583095050240
282583095050240
282583095050240
282583095050240
72340228672585728
72340228672585728
72340228672585728
72340228672585728
282634634657792
282634634657792
282634634657792
282634634657792
72340177132978176
72340177132978176
72340177132978176
72340177132978176
282583095050240
282583095050240
282583095050240
282583095050240
72340194312847360
72340194312847360
72340194312847360
72340194312847360
282600274919424
282600274919424
282600274919424
282600274919424
72340177132978176
72340177132978176
72340177132978176
72340177132978176
282583095050240
282583095050240
282583095050240
282583095050240
72340297392062464
72340297392062464
72340297392062464
72340297392062464
282703354134528
282703354134528
282703354134528
282703354134528
72340177132978176
72340177132978176
72340177132978176
72340177132978176
282583095050240
282583095050240
282583095050240
282583095050240
72340194312847360
72340194312847360
72340194312847360
72340194312847360
282600274919424
282600274919424
282600274919424
282600274919424
72340177132978176
72340177132978176
72340177132978176
72340177132978176
282583095050240
282583095050240
282583095050240
282583095050240
72340228672585728
72340228672585728
72340228672585728
72340228672585728
282634634657792
282634634657792
282634634657792
282634634657792
72340177132978176
72340177132978176
72340177132978176
72340177132978176
282583095050240
282583095050240
282583095050240
282583095050240
72340194312847360
72340194312847360
72340194312847360
72340194312847360
282600274919424
282600274919424
282600274919424
282600274919424
72340177132978176
72340177132978176
72340177132978176
72340177132978176
282583095050240
282583095050240
282583095050240
282583095050240
2190450163969
2190450163968
72340709708922880
72340709708922880
2190450163969
2190450163968
283115670994944
283115670994944
1108118405377
1108118405376
72340177132978176
72340177132978176
1108118405377
1108118405376
282583095050240
282583095050240
1125298274561
1125298274560
72340194312847360
72340194312847360
1125298274561
1125298274560
282600274919424
282600274919424
1108118405377
1108118405376
72340177132978176
72340177132978176
1108118405377
1108118405376
282583095050240
282583095050240
1159658012929
1159658012928
72340228672585728
72340228672585728
1159658012929
1159658012928
282634634657792
282634634657792
1108118405377
1108118405376
72340177132978176
72340177132978176
1108118405377
1108118405376
282583095050240
282583095050240
1125298274561
1125298274560
72340194312847360
72340194312847360
1125298274561
1125298274560
282600274919424
282600274919424
1108118405377
1108118405376
72340177132978176
72340177132978176
1108118405377
1108118405376
282583095050240
282583095050240
1228377489665
1228377489664
72340297392062464
72340297392062464
1228377489665
1228377489664
282703354134528
282703354134528
1108118405377
1108118405376
72340177132978176
72340177132978176
1108118405377
1108118405376
282583095050240
282583095050240
1125298274561
1125298274560
72340194312847360
72340194312847360
1125298274561
1125298274560
282600274919424
282600274919424
1108118405377
1108118405376
72340177132978176
72340177132978176
1108118405377
1108118405376
282583095050240
282583095050240
1159658012929
1159658012928
72340228672585728
72340228672585728
1159658012929
1159658012928
282634634657792
282634634657792
1108118405377
1108118405376
72340177132978176
72340177132978176
1108118405377
1108118405376
282583095050240
282583095050240
1125298274561
1125298274560
72340194312847360
72340194312847360
1125298274561
1125298274560
282600274919424
282600274919424
1108118405377
1108118405376
72340177132978176
72340177132978176
1108118405377
1108118405376
282583095050240
282583095050240
1365816443137
1365816443136
72340434831015936
72340434831015936
1365816443137
1365816443136
282840793088000
282840793088000
1108118405377
1108118405376
72340177132978176
72340177132978176
1108118405377
1108118405376
282583095050240
282583095050240
1125298274561
1125298274560
72340194312847360
72340194312847360
1125298274561
1125298274560
282600274919424
282600274919424
1108118405377
1108118405376
72340177132978176
72340177132978176
1108118405377
1108118405376
282583095050240
282583095050240
1159658012929
1159658012928
72340228672585728
72340228672585728
1159658012929
1159658012928
282634634657792
282634634657792
1108118405377
1108118405376
72340177132978176
72340177132978176
1108118405377
1108118405376
282583095050240
282583095050240
1125298274561
1125298274560
72340194312847360
72340194312847360
1125298274561
1125298274560
282600274919424
282600274919424
1108118405377
1108118405376
72340177132978176
72340177132978176
1108118405377
1108118405376
282583095050240
282583095050240
1228377489665
1228377489664
72340297392062464
72340297392062464
1228377489665
1228377489664
282703354134528
282703354134528
1108118405377
1108118405376
72340177132978176
72340177132978176
1108118405377
1108118405376
282583095050240
282583095050240
1125298274561
1125298274560
72340194312847360
72340194312847360
1125298274561
1125298274560
282600274919424
282600274919424
1108118405377
1108118405376
72340177132978176
72340177132978176
1108118405377
1108118405376
282583095050240
282583095050240
1159658012929
1159658012928
72340228672585728
72340228672585728
1159658012929
1159658012928
282634634657792
282634634657792
1108118405377
1108118405376
72340177132978176
72340177132978176
1108118405377
1108118405376
282583095050240
282583095050240
1125298274561
1125298274560
72340194312847360
72340194312847360
1125298274561
1125298274560
282600274919424
282600274919424
1108118405377
1108118405376
72340177132978176
72340177132978176
1108118405377
1108118405376
282583095050240
282583095050240
1640694350081
1640694350080
2190450163712
2190450163712
1640694350081
1640694350080
2190450163712
2190450163712
1108118405377
1108118405376
1108118405120
1108118405120
1108118405377
1108118405376
1108118405120
1108118405120
1125298274561
1125298274560
1125298274304
1125298274304
1125298274561
1125298274560
1125298274304
1125298274304
1108118405377
1108118405376
1108118405120
1108118405120
1108118405377
1108118405376
1108118405120
1108118405120
1159658012929
1159658012928
1159658012672
1159658012672
1159658012929
1159658012928
1159658012672
1159658012672
1108118405377
1108118405376
1108118405120
1108118405120
1108118405377
1108118405376
1108118405120
1108118405120
1125298274561
1125298274560
1125298274304
1125298274304
1125298274561
1125298274560
1125298274304
1125298274304
1108118405377
1108118405376
1108118405120
1108118405120
1108118405377
1108118405376
1108118405120
1108118405120
1228377489665
1228377489664
1228377489408
1228377489408
1228377489665
1228377489664
1228377489408
1228377489408
1108118405377
1108118405376
1108118405120
1108118405120
1108118405377
1108118405376
1108118405120
1108118405120
1125298274561
1125298274560
1125298274304
1125298274304
1125298274561
1125298274560
1125298274304
1125298274304
1108118405377
1108118405376
1108118405120
1108118405120
1108118405377
1108118405376
1108118405120
1108118405120
1159658012929
1159658012928
1159658012672
1159658012672
1159658012929
1159658012928
1159658012672
1159658012672
1108118405377
1108118405376
1108118405120
1108118405120
1108118405377
1108118405376
1108118405120
1108118405120
1125298274561
1125298274560
1125298274304
1125298274304
1125298274561
1125298274560
1125298274304
1125298274304
1108118405377
1108118405376
1108118405120
1108118405120
1108118405377
1108118405376
1108118405120
1108118405120
1365816443137
1365816443136
1365816442880
1365816442880
1365816443137
1365816443136
1365816442880
1365816442880
1108118405377
1108118405376
1108118405120
1108118405120
1108118405377
1108118405376
1108118405120
1108118405120
1125298274561
1125298274560
1125298274304
1125298274304
1125298274561
1125298274560
1125298274304
1125298274304
1108118405377
1108118405376
1108118405120
1108118405120
1108118405377
1108118405376
1108118405120
1108118405120
1159658012929
1159658012928
1159658012672
1159658012672
1159658012929
1159658012928
1159658012672
1159658012672
1108118405377
1108118405376
1108118405120
1108118405120
1108118405377
1108118405376
1108118405120
1108118405120
1125298274561
1125298274560
1125298274304
1125298274304
1125298274561
1125298274560
1125298274304
1125298274304
1108118405377
1108118405376
1108118405120
1108118405120
1108118405377
1108118405376
1108118405120
1108118405120
1228377489665
1228377489664
1228377489408
1228377489408
1228377489665
1228377489664
1228377489408
1228377489408
1108118405377
1108118405376
1108118405120
1108118405120
1108118405377
1108118405376
1108118405120
1108118405120
1125298274561
1125298274560
1125298274304
1125298274304
1125298274561
1125298274560
1125298274304
1125298274304
1108118405377
1108118405376
1108118405120
1108118405120
1108118405377
1108118405376
1108118405120
1108118405120
1159658012929
1159658012928
1159658012672
1159658012672
1159658012929
1159658012928
1159658012672
1159658012672
1108118405377
1108118405376
1108118405120
1108118405120
1108118405377
1108118405376
1108118405120
1108118405120
1125298274561
1125298274560
1125298274304
1125298274304
1125298274561
1125298274560
1125298274304
1125298274304
1108118405377
1108118405376
1108118405120
1108118405120
1108118405377
1108118405376
1108118405120
1108118405120
2190450098176
2190450098176
1640694349824
1640694349824
2190450098176
2190450098176
1640694349824
1640694349824
1108118339584
1108118339584
1108118405120
1108118405120
1108118339584
1108118339584
1108118405120
1108118405120
1125298208768
1125298208768
1125298274304
1125298274304
1125298208768
1125298208768
1125298274304
1125298274304
1108118339584
1108118339584
1108118405120
1108118405120
1108118339584
1108118339584
1108118405120
1108118405120
1159657947136
1159657947136
1159658012672
1159658012672
1159657947136
1159657947136
1159658012672
1159658012672
1108118339584
1108118339584
1108118405120
1108118405120
1108118339584
1108118339584
1108118405120
1108118405120
1125298208768
1125298208768
1125298274304
1125298274304
1125298208768
1125298208768
1125298274304
1125298274304
1108118339584
1108118339584
1108118405120
1108118405120
1108118339584
1108118339584
1108118405120
1108118405120
1228377423872
1228377423872
1228377489408
1228377489408
1228377423872
1228377423872
1228377489408
1228377489408
1108118339584
1108118339584
1108118405120
1108118405120
1108118339584
1108118339584
1108118405120
1108118405120
1125298208768
1125298208768
1125298274304
1125298274304
1125298208768
1125298208768
1125298274304
1125298274304
1108118339584
1108118339584
1108118405120
1108118405120
1108118339584
1108118339584
1108118405120
1108118405120
1159657947136
1159657947136
1159658012672
1159658012672
1159657947136
1159657947136
1159658012672
1159658012672
1108118339584
1108118339584
1108118405120
1108118405120
1108118339584
1108118339584
1108118405120
1108118405120
1125298208768
1125298208768
1125298274304
1125298274304
1125298208768
1125298208768
1125298274304
1125298274304
1108118339584
1108118339584
1108118405120
1108118405120
1108118339584
1108118339584
1108118405120
1108118405120
1365816377344
1365816377344
1365816442880
1365816442880
1365816377344
1365816377344
1365816442880
1365816442880
1108118339584
1108118339584
1108118405120
1108118405120
1108118339584
1108118339584
1108118405120
1108118405120
1125298208768
1125298208768
1125298274304
1125298274304
1125298208768
1125298208768
1125298274304
1125298274304
1108118339584
1108118339584
1108118405120
1108118405120
1108118339584
1108118339584
1108118405120
1108118405120
1159657947136
1159657947136
1159658012672
1159658012672
1159657947136
1159657947136
1159658012672
1159658012672
1108118339584
1108118339584
1108118405120
1108118405120
1108118339584
1108118339584
1108118405120
1108118405120
1125298208768
1125298208768
1125298274304
1125298274304
1125298208768
1125298208768
1125298274304
1125298274304
1108118339584
1108118339584
1108118405120
1108118405120
1108118339584
1108118339584
1108118405120
1108118405120
1228377423872
1228377423872
1228377489408
1228377489408
1228377423872
1228377423872
1228377489408
1228377489408
1108118339584
1108118339584
1108118405120
1108118405120
1108118339584
1108118339584
1108118405120
1108118405120
1125298208768
1125298208768
1125298274304
1125298274304
1125298208768
1125298208768
1125298274304
1125298274304
1108118339584
1108118339584
1108118405120
1108118405120
1108118339584
1108118339584
1108118405120
1108118405120
1159657947136
1159657947136
1159658012672
1159658012672
1159657947136
1159657947136
1159658012672
1159658012672
1108118339584
1108118339584
1108118405120
1108118405120
1108118339584
1108118339584
1108118405120
1108118405120
1125298208768
1125298208768
1125298274304
1125298274304
1125298208768
1125298208768
1125298274304
1125298274304
1108118339584
1108118339584
1108118405120
1108118405120
1108118339584
1108118339584
1108118405120
1108118405120
1640694284288
1640694284288
2190450098176
2190450098176
1640694284288
1640694284288
2190450098176
2190450098176
1108118339584
1108118339584
1108118339584
1108118339584
1108118339584
1108118339584
1108118339584
1108118339584
1125298208768
1125298208768
1125298208768
1125298208768
1125298208768
1125298208768
1125298208768
1125298208768
1108118339584
1108118339584
1108118339584
1108118339584
1108118339584
1108118339584
1108118339584
1108118339584
1159657947136
1159657947136
1159657947136
1159657947136
1159657947136
1159657947136
1159657947136
1159657947136
1108118339584
1108118339584
1108118339584
1108118339584
1108118339584
1108118339584
1108118339584
1108118339584
1125298208768
1125298208768
1125298208768
1125298208768
1125298208768
1125298208768
1125298208768
1125298208768
1108118339584
1108118339584
1108118339584
1108118339584
1108118339584
1108118339584
1108118339584
1108118339584
1228377423872
1228377423872
1228377423872
1228377423872
1228377423872
1228377423872
1228377423872
1228377423872
1108118339584
1108118339584
1108118339584
1108118339584
1108118339584
1108118339584
1108118339584
1108118339584
1125298208768
1125298208768
1125298208768
1125298208768
1125298208768
1125298208768
1125298208768
1125298208768
1108118339584
1108118339584
1108118339584
1108118339584
1108118339584
1108118339584
1108118339584
1108118339584
1159657947136
1159657947136
1159657947136
1159657947136
1159657947136
1159657947136
1159657947136
1159657947136
1108118339584
1108118339584
1108118339584
1108118339584
1108118339584
1108118339584
1108118339584
1108118339584
1125298208768
1125298208768
1125298208768
1125298208768
1125298208768
1125298208768
1125298208768
1125298208768
1108118339584
1108118339584
1108118339584
1108118339584
1108118339584
1108118339584
1108118339584
1108118339584
1365816377344
1365816377344
1365816377344
1365816377344
1365816377344
1365816377344
1365816377344
1365816377344
1108118339584
1108118339584
1108118339584
1108118339584
1108118339584
1108118339584
1108118339584
1108118339584
1125298208768
1125298208768
1125298208768
1125298208768
1125298208768
1125298208768
1125298208768
1125298208768
1108118339584
1108118339584
1108118339584
1108118339584
1108118339584
1108118339584
1108118339584
1108118339584
1159657947136
1159657947136
1159657947136
1159657947136
1159657947136
1159657947136
1159657947136
1159657947136
1108118339584
1108118339584
1108118339584
1108118339584
1108118339584
1108118339584
1108118339584
1108118339584
1125298208768
1125298208768
1125298208768
1125298208768
1125298208768
1125298208768
1125298208768
1125298208768
1108118339584
1108118339584
1108118339584
1108118339584
1108118339584
1108118339584
1108118339584
1108118339584
1228377423872
1228377423872
1228377423872
1228377423872
1228377423872
1228377423872
1228377423872
1228377423872
1108118339584
1108118339584
1108118339584
1108118339584
1108118339584
1108118339584
1108118339584
1108118339584
1125298208768
1125298208768
1125298208768
1125298208768
1125298208768
1125298208768
1125298208768
1125298208768
1108118339584
1108118339584
1108118339584
1108118339584
1108118339584
1108118339584
1108118339584
1108118339584
1159657947136
1159657947136
1159657947136
1159657947136
1159657947136
1159657947136
1159657947136
1159657947136
1108118339584
1108118339584
1108118339584
1108118339584
1108118339584
1108118339584
1108118339584
1108118339584
1125298208768
1125298208768
1125298208768
1125298208768
1125298208768
1125298208768
1125298208768
1125298208768
1108118339584
1108118339584
1108118339584
1108118339584
1108118339584
1108118339584
1108118339584
1108118339584
0
0
0
0
0
0
0
0
0
0
0
0
0
0
0
0
0
0
0
0
0
0
0
0
0
0
0
0
0
0
0
0
0
0
0
0
0
0
0
0
0
0
0
0
0
0
0
0
0
0
0
0
0
0
0
0
0
0
0
0
0
0
0
0
0
0
0
0
0
0
0
0
0
0
0
0
0
0
0
0
0
0
0
0
0
0
0
0
0
0
0
0
0
0
0
0
0
0
0
0
0
0
0
0
0
0
0
0
0
0
0
0
0
0
0
0
0
0
0
0
0
0
0
0
0
0
0
0
0
0
0
0
0
0
0
0
0
0
0
0
0
0
0
0
0
0
0
0
0
0
0
0
0
0
0
0
0
0
0
0
0
0
0
0
0
0
0
0
0
0
0
0
0
0
0
0
0
0
0
0
0
0
0
0
0
0
0
0
0
0
0
0
0
0
0
0
0
0
0
0
0
0
0
0
0
0
0
0
0
0
0
0
0
0
0
0
0
0
0
0
0
0
0
0
0
0
0
0
0
0
0
0
0
0
0
0
0
0
0
0
0
0
0
0
0
0
0
0
0
0
0
0
0
0
0
0
0
0
0
0
0
0
0
0
0
0
0
0
0
0
0
0
0
0
0
0
0
0
0
0
0
0
0
0
0
0
0
0
0
0
0
0
0
0
0
0
0
0
0
0
0
0
0
0
0
0
0
0
0
0
0
0
0
0
0
0
0
0
0
0
0
0
0
0
0
0
0
0
0
0
0
0
0
0
0
0
0
0
0
0
0
0
0
0
0
0
0
0
0
0
0
0
0
0
0
0
0
0
0
0
0
0
0
0
0
0
0
0
0
0
0
0
0
0
0
0
0
0
0
0
0
0
0
0
0
0
0
0
0
0
0
0
0
0
0
0
0
0
0
0
0
0
0
0
0
0
0
0
0
0
0
0
0
0
0
0
0
0
0
0
0
0
0
0
0
0
0
0
0
0
0
0
0
0
0
0
0
0
0
0
0
0
0
0
0
0
0
0
0
0
0
0
0
0
0
0
0
0
0
0
0
0
0
0
0
0
0
0
0
0
0
0
0
0
0
0
0
0
0
0
0
0
0
0
0
0
0
0
0
0
0
0
0
0
0
0
0
0
0
0
0
0
0
0
0
0
0
0
0
0
0
0
0
0
0
0
0
0
0
0
0
0
0
0
0
0
0
0
0
0
0
0
0
0
0
0
0
0
0
0
0
0
0
0
0
0
0
0
0
0
0
0
0
0
0
0
0
0
0
0
0
0
0
0
0
0
0
0
0
0
0
0
0
0
0
0
0
0
0
0
0
0
0
0
0
0
0
0
0
0
0
0
0
0
0
0
0
0
0
0
0
0
0
0
0
0
0
0
0
0
0
0
0
0
0
0
0
0
0
0
0
0
0
0
0
0
0
0
0
0
0
0
0
0
0
0
0
0
0
0
0
0
0
0
0
0
0
0
0
0
0
0
0
0
0
0
0
0
0
0
0
0
0
0
0
0
0
0
0
0
0
0
0
0
0
0
0
0
0
0
0
0
0
0
0
0
0
0
0
0
0
0
0
0
0
0
0
0
0
0
0
0
0
0
0
0
0
0
0
0
0
0
0
0
0
0
0
0
0
0
0
0
0
0
0
0
0
0
0
0
0
0
0
0
0
0
0
0
0
0
0
0
0
0
0
0
0
0
0
0
0
0
0
0
0
0
0
0
0
0
0
0
0
0
0
0
0
0
0
0
0
0
0
0
0
0
0
0
0
0
0
0
0
0
0
0
0
0
0
0
0
0
0
0
0
0
0
0
0
0
0
0
0
0
0
0
0
0
0
0
0
0
0
0
0
0
0
0
0
0
0
0
0
0
0
0
0
0
0
0
0
0
0
0
0
0
0
0
0
0
0
0
0
0
0
0
0
0
0
0
0
0
0
0
0
0
0
0
0
0
0
0
0
0
0
0
0
0
0
0
0
0
0
0
0
0
0
0
0
0
0
0
0
0
0
0
0
0
0
0
0
0
0
0
0
0
0
0
0
0
0
0
0
0
0
0
0
0
0
0
0
0
0
0
0
0
0
0
0
0
0
0
0
0
0
0
0
0
0
0
0
0
0
0
0
0
0
0
0
0
0
0
0
0
0
0
0
0
0
0
0
0
0
0
0
0
0
0
0
0
0
0
0
0
0
0
0
0
0
0
0
0
0
0
0
0
0
0
0
0
0
0
0
0
0
0
0
0
0
0
0
0
0
0
0
0
0
0
0
0
0
0
0
0
0
0
0
0
0
0
0
0
0
0
0
0
0
0
0
0
0
0
0
0
0
0
0
0
0
0
0
0
0
0
0
0
0
0
0
0
0
0
0
0
0
0
0
0
0
0
0
0
0
0
0
0
0
0
0
0
0
0
0
0
0
0
0
0
0
0
0
0
0
0
0
0
0
0
0
0
0
0
0
0
0
0
0
0
0
0
0
0
0
0
0
0
0
0
0
0
0
0
0
0
0
0
0
0
0
0
0
0
0
0
0
0
0
0
0
0
0
0
0
0
0
0
0
0
0
0
0
0
0
0
0
0
0
0
0
0
0
0
0
0
0
0
0
0
0
0
0
0
0
0
0
0
0
0
0
0
0
0
0
0
0
0
0
0
0
0
0
0
0
0
0
0
0
0
0
0
0
0
0
0
0
0
0
0
0
0
0
0
0
0
0
0
0
0
0
0
0
0
0
0
0
0
0
0
0
0
0
0
0
0
0
0
0
0
0
0
0
0
0
0
0
0
0
0
0
0
0
0
0
0
0
0
0
0
0
0
0
0
0
0
0
0
0
0
0
0
0
0
0
0
0
0
0
0
0
0
0
0
0
0
0
0
0
0
0
0
0
0
0
0
0
0
0
0
0
0
0
0
0
0
0
0
0
0
0
0
0
0
0
0
0
0
0
0
0
0
0
0
0
0
0
0
0
0
0
0
0
0
0
0
0
0
0
0
0
0
0
0
0
0
0
0
0
0
0
0
0
0
0
0
0
0
0
0
0
0
0
0
0
0
0
0
0
0
0
0
0
0
0
0
0
0
0
0
0
0
0
0
0
0
0
0
0
0
0
0
0
0
0
0
0
0
0
0
0
0
0
0
0
0
0
0
0
0
0
0
0
0
0
0
0
0
0
0
0
0
0
0
0
0
0
0
0
0
0
0
0
0
0
0
0
0
0
0
0
0
0
0
0
0
0
0
0
0
0
0
0
0
0
0
0
0
0
0
0
0
0
0
0
0
0
0
0
0
0
0
0
0
0
0
0
0
0
0
0
0
0
0
0
0
0
0
0
0
0
0
0
0
0
0
0
0
0
0
0
0
0
0
0
0
0
0
0
0
0
0
0
0
0
0
0
0
0
0
0
0
0
0
0
0
0
0
0
0
0
0
0
0
0
0
0
0
0
0
0
0
0
0
0
0
0
0
0
0
0
0
0
0
0
0
0
0
0
0
0
0
0
0
0
0
0
0
0
0
0
0
0
0
0
0
0
0
0
0
0
0
0
0
0
0
0
0
0
0
0
0
0
0
0
0
0
0
0
0
0
0
0
0
0
0
0
0
0
0
0
0
0
0
0
0
0
0
0
0
0
0
0
0
0
0
0
0
0
0
0
0
0
0
0
0
0
0
0
0
0
0
0
0
0
0
0
0
0
0
0
0
0
0
0
0
0
0
0
0
0
0
0
0
0
0
0
0
0
0
0
0
0
0
0
0
0
0
0
0
0
0
0
0
0
0
0
0
0
0
0
0
0
0
0
0
0
0
0
0
0
0
0
0
0
0
0
0
0
0
0
0
0
0
0
0
0
0
0
0
0
0
0
0
0
0
0
0
0
0
0
0
0
0
0
0
0
0
0
0
0
0
0
0
0
0
0
0
0
0
0
0
0
0
0
0
0
0
0
0
0
0
0
0
0
0
0
0
0
0
0
0
0
0
0
0
0
0
0
0
0
0
0
0
0
0
0
0
0
0
0
0
0
0
0
0
0
0
0
0
0
0
0
0
0
0
0
0
0
0
0
0
0
0
0
0
0
0
0
0
0
0
0
0
0
0
0
0
0
0
0
0
0
0
0
0
0
0
0
0
0
0
0
0
0
0
0
0
0
0
0
0
0
0
0
0
0
0
0
0
0
0
0
0
0
0
0
0
0
0
0
0
0
0
0
0
0
0
0
0
0
0
0
0
0
0
0
0
0
0
0
0
0
0
0
0
0
0
0
0
0
0
0
0
0
0
0
0
0
0
0
0
0
0
0
0
0
0
0
0
0
0
0
0
0
0
0
0
0
0
0
0
0
0
0
0
0
0
0
0
0
0
0
0
0
0
0
0
0
0
0
0
0
0
0
0
0
0
0
0
0
0
0
0
0
0
0
0
0
0
0
0
0
0
0
0
0
0
0
0
0
0
0
0
0
0
0
0
0
0
0
0
0
0
0
0
0
0
0
0
0
0
0
0
0
0
0
0
0
0
0
0
0
0
0
0
0
0
0
0
0
0
0
0
0
0
0
0
0
0
0
0
0
0
0
0
0
0
0
0
0
0
0
0
0
0
0
0
0
0
0
0
0
0
0
0
0
0
0
0
0
0
0
0
0
0
0
0
0
0
