289361752209228804
289361752209228800
5476150674436
5476150674432
289361747914261508
289361747914261504
5471855707140
5471855707136
289361752208965632
289361752208965632
5476150411264
5476150411264
289361747913998336
289361747913998336
5471855443968
5471855443968
289360721417077764
289360721417077760
4445358523396
4445358523392
289360717122110468
289360717122110464
4441063556100
4441063556096
289360721416814592
289360721416814592
4445358260224
4445358260224
289360717121847296
289360717121847296
4441063292928
4441063292928
289360790136554500
289360790136554496
4514078000132
4514078000128
289360785841587204
289360785841587200
4509783032836
4509783032832
289360790136291328
289360790136291328
4514077736960
4514077736960
289360785841324032
289360785841324032
4509782769664
4509782769664
289360721417077764
289360721417077760
4445358523396
4445358523392
289360717122110468
289360717122110464
4441063556100
4441063556096
289360721416814592
289360721416814592
4445358260224
4445358260224
289360717121847296
289360717121847296
4441063292928
4441063292928
289360927575507972
289360927575507968
4651516953604
4651516953600
289360923280540676
289360923280540672
4647221986308
4647221986304
289360927575244800
289360927575244800
4651516690432
4651516690432
289360923280277504
289360923280277504
4647221723136
4647221723136
289360721417077764
289360721417077760
4445358523396
4445358523392
289360717122110468
289360717122110464
4441063556100
4441063556096
289360721416814592
289360721416814592
4445358260224
4445358260224
289360717121847296
289360717121847296
4441063292928
4441063292928
289360790136554500
289360790136554496
4514078000132
4514078000128
289360785841587204
289360785841587200
4509783032836
4509783032832
289360790136291328
289360790136291328
4514077736960
4514077736960
289360785841324032
289360785841324032
4509782769664
4509782769664
289360721417077764
289360721417077760
4445358523396
4445358523392
289360717122110468
289360717122110464
4441063556100
4441063556096
289360721416814592
289360721416814592
4445358260224
4445358260224
289360717121847296
289360717121847296
4441063292928
4441063292928
289361202453414916
289361202453414912
4926394860548
4926394860544
289361198158447620
289361198158447616
4922099893252
4922099893248
289361202453151744
289361202453151744
4926394597376
4926394597376
289361198158184448
289361198158184448
4922099630080
4922099630080
289360721417077764
289360721417077760
4445358523396
4445358523392
289360717122110468
289360717122110464
4441063556100
4441063556096
289360721416814592
289360721416814592
4445358260224
4445358260224
289360717121847296
289360717121847296
4441063292928
4441063292928
289360790136554500
289360790136554496
4514078000132
4514078000128
289360785841587204
289360785841587200
4509783032836
4509783032832
289360790136291328
289360790136291328
4514077736960
4514077736960
289360785841324032
289360785841324032
4509782769664
4509782769664
289360721417077764
289360721417077760
4445358523396
4445358523392
289360717122110468
289360717122110464
4441063556100
4441063556096
289360721416814592
289360721416814592
4445358260224
4445358260224
289360717121847296
289360717121847296
4441063292928
4441063292928
289360927575507972
289360927575507968
4651516953604
4651516953600
289360923280540676
289360923280540672
4647221986308
4647221986304
289360927575244800
289360927575244800
4651516690432
4651516690432
289360923280277504
289360923280277504
4647221723136
4647221723136
289360721417077764
289360721417077760
4445358523396
4445358523392
289360717122110468
289360717122110464
4441063556100
4441063556096
289360721416814592
289360721416814592
4445358260224
4445358260224
289360717121847296
289360717121847296
4441063292928
4441063292928
289360790136554500
289360790136554496
4514078000132
4514078000128
289360785841587204
289360785841587200
4509783032836
4509783032832
289360790136291328
289360790136291328
4514077736960
4514077736960
289360785841324032
289360785841324032
4509782769664
4509782769664
289360721417077764
289360721417077760
4445358523396
4445358523392
289360717122110468
289360717122110464
4441063556100
4441063556096
289360721416814592
289360721416814592
4445358260224
4445358260224
289360717121847296
289360717121847296
4441063292928
4441063292928
289361752209227776
289361752209227776
5476150673408
5476150673408
289361747914260480
289361747914260480
5471855706112
5471855706112
289361752208965632
289361752208965632
5476150411264
5476150411264
289361747913998336
289361747913998336
5471855443968
5471855443968
289360721417076736
289360721417076736
4445358522368
4445358522368
289360717122109440
289360717122109440
4441063555072
4441063555072
289360721416814592
289360721416814592
4445358260224
4445358260224
289360717121847296
289360717121847296
4441063292928
4441063292928
289360790136553472
289360790136553472
4514077999104
4514077999104
289360785841586176
289360785841586176
4509783031808
4509783031808
289360790136291328
289360790136291328
4514077736960
4514077736960
289360785841324032
289360785841324032
4509782769664
4509782769664
289360721417076736
289360721417076736
4445358522368
4445358522368
289360717122109440
289360717122109440
4441063555072
4441063555072
289360721416814592
289360721416814592
4445358260224
4445358260224
289360717121847296
289360717121847296
4441063292928
4441063292928
289360927575506944
289360927575506944
4651516952576
4651516952576
289360923280539648
289360923280539648
4647221985280
4647221985280
289360927575244800
289360927575244800
4651516690432
4651516690432
289360923280277504
289360923280277504
4647221723136
4647221723136
289360721417076736
289360721417076736
4445358522368
4445358522368
289360717122109440
289360717122109440
4441063555072
4441063555072
289360721416814592
289360721416814592
4445358260224
4445358260224
289360717121847296
289360717121847296
4441063292928
4441063292928
289360790136553472
289360790136553472
4514077999104
4514077999104
289360785841586176
289360785841586176
4509783031808
4509783031808
289360790136291328
289360790136291328
4514077736960
4514077736960
289360785841324032
289360785841324032
4509782769664
4509782769664
289360721417076736
289360721417076736
4445358522368
4445358522368
289360717122109440
289360717122109440
4441063555072
4441063555072
289360721416814592
289360721416814592
4445358260224
4445358260224
289360717121847296
289360717121847296
4441063292928
4441063292928
289361202453413888
289361202453413888
4926394859520
4926394859520
289361198158446592
289361198158446592
4922099892224
4922099892224
289361202453151744
289361202453151744
4926394597376
4926394597376
289361198158184448
289361198158184448
4922099630080
4922099630080
289360721417076736
289360721417076736
4445358522368
4445358522368
289360717122109440
289360717122109440
4441063555072
4441063555072
289360721416814592
289360721416814592
4445358260224
4445358260224
289360717121847296
289360717121847296
4441063292928
4441063292928
289360790136553472
289360790136553472
4514077999104
4514077999104
289360785841586176
289360785841586176
4509783031808
4509783031808
289360790136291328
289360790136291328
4514077736960
4514077736960
289360785841324032
289360785841324032
4509782769664
4509782769664
289360721417076736
289360721417076736
4445358522368
4445358522368
289360717122109440
289360717122109440
4441063555072
4441063555072
289360721416814592
289360721416814592
4445358260224
4445358260224
289360717121847296
289360717121847296
4441063292928
4441063292928
289360927575506944
289360927575506944
4651516952576
4651516952576
289360923280539648
289360923280539648
4647221985280
4647221985280
289360927575244800
289360927575244800
4651516690432
4651516690432
289360923280277504
289360923280277504
4647221723136
4647221723136
289360721417076736
289360721417076736
4445358522368
4445358522368
289360717122109440
289360717122109440
4441063555072
4441063555072
289360721416814592
289360721416814592
4445358260224
4445358260224
289360717121847296
289360717121847296
4441063292928
4441063292928
289360790136553472
289360790136553472
4514077999104
4514077999104
289360785841586176
289360785841586176
4509783031808
4509783031808
289360790136291328
289360790136291328
4514077736960
4514077736960
289360785841324032
289360785841324032
4509782769664
4509782769664
289360721417076736
289360721417076736
4445358522368
4445358522368
289360717122109440
289360717122109440
4441063555072
4441063555072
289360721416814592
289360721416814592
4445358260224
4445358260224
289360717121847296
289360717121847296
4441063292928
4441063292928
1131376057517060
1131376057517056
5476150674436
5476150674432
1131371762549764
1131371762549760
5471855707140
5471855707136
1131376057253888
1131376057253888
5476150411264
5476150411264
1131371762286592
1131371762286592
5471855443968
5471855443968
1130345265366020
1130345265366016
4445358523396
4445358523392
1130340970398724
1130340970398720
4441063556100
4441063556096
1130345265102848
1130345265102848
4445358260224
4445358260224
1130340970135552
1130340970135552
4441063292928
4441063292928
1130413984842756
1130413984842752
4514078000132
4514078000128
1130409689875460
1130409689875456
4509783032836
4509783032832
1130413984579584
1130413984579584
4514077736960
4514077736960
1130409689612288
1130409689612288
4509782769664
4509782769664
1130345265366020
1130345265366016
4445358523396
4445358523392
1130340970398724
1130340970398720
4441063556100
4441063556096
1130345265102848
1130345265102848
4445358260224
4445358260224
1130340970135552
1130340970135552
4441063292928
4441063292928
1130551423796228
1130551423796224
4651516953604
4651516953600
1130547128828932
1130547128828928
4647221986308
4647221986304
1130551423533056
1130551423533056
4651516690432
4651516690432
1130547128565760
1130547128565760
4647221723136
4647221723136
1130345265366020
1130345265366016
4445358523396
4445358523392
1130340970398724
1130340970398720
4441063556100
4441063556096
1130345265102848
1130345265102848
4445358260224
4445358260224
1130340970135552
1130340970135552
4441063292928
4441063292928
1130413984842756
1130413984842752
4514078000132
4514078000128
1130409689875460
1130409689875456
4509783032836
4509783032832
1130413984579584
1130413984579584
4514077736960
4514077736960
1130409689612288
1130409689612288
4509782769664
4509782769664
1130345265366020
1130345265366016
4445358523396
4445358523392
1130340970398724
1130340970398720
4441063556100
4441063556096
1130345265102848
1130345265102848
4445358260224
4445358260224
1130340970135552
1130340970135552
4441063292928
4441063292928
1130826301703172
1130826301703168
4926394860548
4926394860544
1130822006735876
1130822006735872
4922099893252
4922099893248
1130826301440000
1130826301440000
4926394597376
4926394597376
1130822006472704
1130822006472704
4922099630080
4922099630080
1130345265366020
1130345265366016
4445358523396
4445358523392
1130340970398724
1130340970398720
4441063556100
4441063556096
1130345265102848
1130345265102848
4445358260224
4445358260224
1130340970135552
1130340970135552
4441063292928
4441063292928
1130413984842756
1130413984842752
4514078000132
4514078000128
1130409689875460
1130409689875456
4509783032836
4509783032832
1130413984579584
1130413984579584
4514077736960
4514077736960
1130409689612288
1130409689612288
4509782769664
4509782769664
1130345265366020
1130345265366016
4445358523396
4445358523392
1130340970398724
1130340970398720
4441063556100
4441063556096
1130345265102848
1130345265102848
4445358260224
4445358260224
1130340970135552
1130340970135552
4441063292928
4441063292928
1130551423796228
1130551423796224
4651516953604
4651516953600
1130547128828932
1130547128828928
4647221986308
4647221986304
1130551423533056
1130551423533056
4651516690432
4651516690432
1130547128565760
1130547128565760
4647221723136
4647221723136
1130345265366020
1130345265366016
4445358523396
4445358523392
1130340970398724
1130340970398720
4441063556100
4441063556096
1130345265102848
1130345265102848
4445358260224
4445358260224
1130340970135552
1130340970135552
4441063292928
4441063292928
1130413984842756
1130413984842752
4514078000132
4514078000128
1130409689875460
1130409689875456
4509783032836
4509783032832
1130413984579584
1130413984579584
4514077736960
4514077736960
1130409689612288
1130409689612288
4509782769664
4509782769664
1130345265366020
1130345265366016
4445358523396
4445358523392
1130340970398724
1130340970398720
4441063556100
4441063556096
1130345265102848
1130345265102848
4445358260224
4445358260224
1130340970135552
1130340970135552
4441063292928
4441063292928
1131376057516032
1131376057516032
5476150673408
5476150673408
1131371762548736
1131371762548736
5471855706112
5471855706112
1131376057253888
1131376057253888
5476150411264
5476150411264
1131371762286592
1131371762286592
5471855443968
5471855443968
1130345265364992
1130345265364992
4445358522368
4445358522368
1130340970397696
1130340970397696
4441063555072
4441063555072
1130345265102848
1130345265102848
4445358260224
4445358260224
1130340970135552
1130340970135552
4441063292928
4441063292928
1130413984841728
1130413984841728
4514077999104
4514077999104
1130409689874432
1130409689874432
4509783031808
4509783031808
1130413984579584
1130413984579584
4514077736960
4514077736960
1130409689612288
1130409689612288
4509782769664
4509782769664
1130345265364992
1130345265364992
4445358522368
4445358522368
1130340970397696
1130340970397696
4441063555072
4441063555072
1130345265102848
1130345265102848
4445358260224
4445358260224
1130340970135552
1130340970135552
4441063292928
4441063292928
1130551423795200
1130551423795200
4651516952576
4651516952576
1130547128827904
1130547128827904
4647221985280
4647221985280
1130551423533056
1130551423533056
4651516690432
4651516690432
1130547128565760
1130547128565760
4647221723136
4647221723136
1130345265364992
1130345265364992
4445358522368
4445358522368
1130340970397696
1130340970397696
4441063555072
4441063555072
1130345265102848
1130345265102848
4445358260224
4445358260224
1130340970135552
1130340970135552
4441063292928
4441063292928
1130413984841728
1130413984841728
4514077999104
4514077999104
1130409689874432
1130409689874432
4509783031808
4509783031808
1130413984579584
1130413984579584
4514077736960
4514077736960
1130409689612288
1130409689612288
4509782769664
4509782769664
1130345265364992
1130345265364992
4445358522368
4445358522368
1130340970397696
1130340970397696
4441063555072
4441063555072
1130345265102848
1130345265102848
4445358260224
4445358260224
1130340970135552
1130340970135552
4441063292928
4441063292928
1130826301702144
1130826301702144
4926394859520
4926394859520
1130822006734848
1130822006734848
4922099892224
4922099892224
1130826301440000
1130826301440000
4926394597376
4926394597376
1130822006472704
1130822006472704
4922099630080
4922099630080
1130345265364992
1130345265364992
4445358522368
4445358522368
1130340970397696
1130340970397696
4441063555072
4441063555072
1130345265102848
1130345265102848
4445358260224
4445358260224
1130340970135552
1130340970135552
4441063292928
4441063292928
1130413984841728
1130413984841728
4514077999104
4514077999104
1130409689874432
1130409689874432
4509783031808
4509783031808
1130413984579584
1130413984579584
4514077736960
4514077736960
1130409689612288
1130409689612288
4509782769664
4509782769664
1130345265364992
1130345265364992
4445358522368
4445358522368
1130340970397696
1130340970397696
4441063555072
4441063555072
1130345265102848
1130345265102848
4445358260224
4445358260224
1130340970135552
1130340970135552
4441063292928
4441063292928
1130551423795200
1130551423795200
4651516952576
4651516952576
1130547128827904
1130547128827904
4647221985280
4647221985280
1130551423533056
1130551423533056
4651516690432
4651516690432
1130547128565760
1130547128565760
4647221723136
4647221723136
1130345265364992
1130345265364992
4445358522368
4445358522368
1130340970397696
1130340970397696
4441063555072
4441063555072
1130345265102848
1130345265102848
4445358260224
4445358260224
1130340970135552
1130340970135552
4441063292928
4441063292928
1130413984841728
1130413984841728
4514077999104
4514077999104
1130409689874432
1130409689874432
4509783031808
4509783031808
1130413984579584
1130413984579584
4514077736960
4514077736960
1130409689612288
1130409689612288
4509782769664
4509782769664
1130345265364992
1130345265364992
4445358522368
4445358522368
1130340970397696
1130340970397696
4441063555072
4441063555072
1130345265102848
1130345265102848
4445358260224
4445358260224
1130340970135552
1130340970135552
4441063292928
4441063292928
0
0
0
0
0
0
0
0
0
0
0
0
0
0
0
0
0
0
0
0
0
0
0
0
0
0
0
0
0
0
0
0
0
0
0
0
0
0
0
0
0
0
0
0
0
0
0
0
0
0
0
0
0
0
0
0
0
0
0
0
0
0
0
0
0
0
0
0
0
0
0
0
0
0
0
0
0
0
0
0
0
0
0
0
0
0
0
0
0
0
0
0
0
0
0
0
0
0
0
0
0
0
0
0
0
0
0
0
0
0
0
0
0
0
0
0
0
0
0
0
0
0
0
0
0
0
0
0
0
0
0
0
0
0
0
0
0
0
0
0
0
0
0
0
0
0
0
0
0
0
0
0
0
0
0
0
0
0
0
0
0
0
0
0
0
0
0
0
0
0
0
0
0
0
0
0
0
0
0
0
0
0
0
0
0
0
0
0
0
0
0
0
0
0
0
0
0
0
0
0
0
0
0
0
0
0
0
0
0
0
0
0
0
0
0
0
0
0
0
0
0
0
0
0
0
0
0
0
0
0
0
0
0
0
0
0
0
0
0
0
0
0
0
0
0
0
0
0
0
0
0
0
0
0
0
0
0
0
0
0
0
0
0
0
0
0
0
0
0
0
0
0
0
0
0
0
0
0
0
0
0
0
0
0
0
0
0
0
0
0
0
0
0
0
0
0
0
0
0
0
0
0
0
0
0
0
0
0
0
0
0
0
0
0
0
0
0
0
0
0
0
0
0
0
0
0
0
0
0
0
0
0
0
0
0
0
0
0
0
0
0
0
0
0
0
0
0
0
0
0
0
0
0
0
0
0
0
0
0
0
0
0
0
0
0
0
0
0
0
0
0
0
0
0
0
0
0
0
0
0
0
0
0
0
0
0
0
0
0
0
0
0
0
0
0
0
0
0
0
0
0
0
0
0
0
0
0
0
0
0
0
0
0
0
0
0
0
0
0
0
0
0
0
0
0
0
0
0
0
0
0
0
0
0
0
0
0
0
0
0
0
0
0
0
0
0
0
0
0
0
0
0
0
0
0
0
0
0
0
0
0
0
0
0
0
0
0
0
0
0
0
0
0
0
0
0
0
0
0
0
0
0
0
0
0
0
0
0
0
0
0
0
0
0
0
0
0
0
0
0
0
0
0
0
0
0
0
0
0
0
0
0
0
0
0
0
0
0
0
0
0
0
0
0
0
0
0
0
0
0
0
0
0
0
0
0
0
0
0
0
0
0
0
0
0
0
0
0
0
0
0
0
0
0
0
0
0
0
0
0
0
0
0
0
0
0
0
0
0
0
0
0
0
0
0
0
0
0
0
0
0
0
0
0
0
0
0
0
0
0
0
0
0
0
0
0
0
0
0
0
0
0
0
0
0
0
0
0
0
0
0
0
0
0
0
0
0
0
0
0
0
0
0
0
0
0
0
0
0
0
0
0
0
0
0
0
0
0
0
0
0
0
0
0
0
0
0
0
0
0
0
0
0
0
0
0
0
0
0
0
0
0
0
0
0
0
0
0
0
0
0
0
0
0
0
0
0
0
0
0
0
0
0
0
0
0
0
0
0
0
0
0
0
0
0
0
0
0
0
0
0
0
0
0
0
0
0
0
0
0
0
0
0
0
0
0
0
0
0
0
0
0
0
0
0
0
0
0
0
0
0
0
0
0
0
0
0
0
0
0
0
0
0
0
0
0
0
0
0
0
0
0
0
0
0
0
0
0
0
0
0
0
0
0
0
0
0
0
0
0
0
0
0
0
0
0
0
0
0
0
0
0
0
0
0
0
0
0
0
0
0
0
0
0
0
0
0
0
0
0
0
0
0
0
0
0
0
0
0
0
0
0
0
0
0
0
0
0
0
0
0
0
0
0
0
0
0
0
0
0
0
0
0
0
0
0
0
0
0
0
0
0
0
0
0
0
0
0
0
0
0
0
0
0
0
0
0
0
0
0
0
0
0
0
0
0
0
0
0
0
0
0
0
0
0
0
0
0
0
0
0
0
0
0
0
0
0
0
0
0
0
0
0
0
0
0
0
0
0
0
0
0
0
0
0
0
0
0
0
0
0
0
0
0
0
0
0
0
0
0
0
0
0
0
0
0
0
0
0
0
0
0
0
0
0
0
0
0
0
0
0
0
0
0
0
0
0
0
0
0
0
0
0
0
0
0
0
0
0
0
0
0
0
0
0
0
0
0
0
0
0
0
0
0
0
0
0
0
0
0
0
0
0
0
0
0
0
0
0
0
0
0
0
0
0
0
0
0
0
0
0
0
0
0
0
0
0
0
0
0
0
0
0
0
0
0
0
0
0
0
0
0
0
0
0
0
0
0
0
0
0
0
0
0
0
0
0
0
0
0
0
0
0
0
0
0
0
0
0
0
0
0
0
0
0
0
0
0
0
0
0
0
0
0
0
0
0
0
0
0
0
0
0
0
0
0
0
0
0
0
0
0
0
0
0
0
0
0
0
0
0
0
0
0
0
0
0
0
0
0
0
0
0
0
0
0
0
0
0
0
0
0
0
0
0
0
0
0
0
0
0
0
0
0
0
0
0
0
0
0
0
0
0
0
0
0
0
0
0
0
0
0
0
0
0
0
0
0
0
0
0
0
0
0
0
0
0
0
0
0
0
0
0
0
0
0
0
0
0
0
0
0
0
0
0
0
0
0
0
0
0
0
0
0
0
0
0
0
0
0
0
0
0
0
0
0
0
0
0
0
0
0
0
0
0
0
0
0
0
0
0
0
0
0
0
0
0
0
0
0
0
0
0
0
0
0
0
0
0
0
0
0
0
0
0
0
0
0
0
0
0
0
0
0
0
0
0
0
0
0
0
0
0
0
0
0
0
0
0
0
0
0
0
0
0
0
0
0
0
0
0
0
0
0
0
0
0
0
0
0
0
0
0
0
0
0
0
0
0
0
0
0
0
0
0
0
0
0
0
0
0
0
0
0
0
0
0
0
0
0
0
0
0
0
0
0
0
0
0
0
0
0
0
0
0
0
0
0
0
0
0
0
0
0
0
0
0
0
0
0
0
0
0
0
0
0
0
0
0
0
0
0
0
0
0
0
0
0
0
0
0
0
0
0
0
0
0
0
0
0
0
0
0
0
0
0
0
0
0
0
0
0
0
0
0
0
0
0
0
0
0
0
0
0
0
0
0
0
0
0
0
0
0
0
0
0
0
0
0
0
0
0
0
0
0
0
0
0
0
0
0
0
0
0
0
0
0
0
0
0
0
0
0
0
0
0
0
0
0
0
0
0
0
0
0
0
0
0
0
0
0
0
0
0
0
0
0
0
0
0
0
0
0
0
0
0
0
0
0
0
0
0
0
0
0
0
0
0
0
0
0
0
0
0
0
0
0
0
0
0
0
0
0
0
0
0
0
0
0
0
0
0
0
0
0
0
0
0
0
0
0
0
0
0
0
0
0
0
0
0
0
0
0
0
0
0
0
0
0
0
0
0
0
0
0
0
0
0
0
0
0
0
0
0
0
0
0
0
0
0
0
0
0
0
0
0
0
0
0
0
0
0
0
0
0
0
0
0
0
0
0
0
0
0
0
0
0
0
0
0
0
0
0
0
0
0
0
0
0
0
0
0
0
0
0
0
0
0
0
0
0
0
0
0
0
0
0
0
0
0
0
0
0
0
0
0
0
0
0
0
0
0
0
0
0
0
0
0
0
0
0
0
0
0
0
0
0
0
0
0
0
0
0
0
0
0
0
0
0
0
0
0
0
0
0
0
0
0
0
0
0
0
0
0
0
0
0
0
0
0
0
0
0
0
0
0
0
0
0
0
0
0
0
0
0
0
0
0
0
0
0
0
0
0
0
0
0
0
0
0
0
0
0
0
0
0
0
0
0
0
0
0
0
0
0
0
0
0
0
0
0
0
0
0
0
0
0
0
0
0
0
0
0
0
0
0
0
0
0
0
0
0
0
0
0
0
0
0
0
0
0
0
0
0
0
0
0
0
0
0
0
0
0
0
0
0
0
0
0
0
0
0
0
0
0
0
0
0
0
0
0
0
0
0
0
0
0
0
0
0
0
0
0
0
0
0
0
0
0
0
0
0
0
0
0
0
0
0
0
0
0
0
0
0
0
0
0
0
0
0
0
0
0
0
0
0
0
0
0
0
0
0
0
0
0
0
0
0
0
0
0
0
0
0
0
0
0
0
0
0
0
0
0
0
0
0
0
0
0
0
0
0
0
0
0
0
0
0
0
0
0
0
0
0
0
0
0
0
0
0
0
0
0
0
0
0
0
0
0
0
0
0
0
0
0
0
0
0
0
0
0
0
0
0
0
0
0
0
0
0
0
0
0
0
0
0
0
0
0
0
0
0
0
0
0
0
0
0
0
0
0
0
0
0
0
0
0
0
0
0
0
0
0
0
0
0
0
0
0
0
0
0
0
0
0
0
0
0
0
0
0
0
0
0
0
0
0
0
0
0
0
0
0
0
0
0
0
0
0
0
0
0
0
0
0
0
0
0
0
0
0
0
0
0
0
0
0
0
0
0
0
0
0
0
0
0
0
0
0
0
0
0
0
0
0
0
0
0
0
0
0
0
0
0
0
0
0
0
0
0
0
0
0
0
0
0
0
0
0
0
0
0
0
0
0
0
0
0
0
0
0
0
0
0
0
0
0
0
0
0
0
0
0
0
0
0
0
0
0
0
0
0
0
0
0
0
0
0
0
0
0
0
0
0
0
0
0
0
0
0
0
0
0
0
0
0
0
0
0
0
0
0
0
0
0
0
0
0
0
0
0
0
0
0
0
0
0
0
0
0
0
0
0
0
0
0
0
0
0
0
0
0
0
0
0
0
0
0
0
0
0
0
0
0
0
0
0
0
0
0
0
0
0
0
0
0
0
0
0
0
0
0
0
0
0
0
0
0
0
0
0
0
0
0
0
0
0
0
0
0
0
0
0
0
0
0
0
0
0
0
0
0
0
0
0
0
0
0
0
0
0
0
0
0
0
0
0
0
0
0
0
0
0
0
0
0
0
0
0
0
0
0
0
0
0
0
0
0
0
0
0
0
0
0
0
0
0
0
0
0
0
0
0
0
0
0
0
0
0
0
0
0
0
0
0
0
0
0
0
0
0
0
0
0
0
0
0
0
0
0
0
0
0
0
0
0
0
0
0
0
0
0
0
0
0
0
0
0
0
0
0
0
0
0
0
0
0
0
0
0
0
0
0
0
0
0
0
0
0
0
0
0
0
0
0
0
0
0
0
0
0
0
0
0
0
0
0
0
0
0
0
0
0
0
0
0
0
0
0
0
0
0
0
0
0
0
0
0
0
0
0
0
0
0
0
0
0
0
0
0
0
0
0
0
0
0
0
0
0
0
0
0
0
0
0
0
0
0
0
0
0
0
0
0
0
0
0
0
0
0
0
0
0
0
0
0
0
0
0
0
0
0
0
0
0
0
0
0
0
0
0
0
0
0
0
0
0
0
0
0
0
0
0
0
0
0
0
0
0
0
0
0
0
0
0
0
0
0
0
0
0
0
0
0
0
0
0
0
0
0
0
0
0
0
0
0
0
0
0
0
0
0
0
0
0
0
0
0
0
0
0
0
0
0
0
0
0
0
0
0
0
0
0
0
0
0
0
0
0
0
0
0
0
0
0
0
0
0
0
0
0
0
0
0
0
0
0
0
0
0
0
0
0
0
0
0
0
0
0
0
0
0
0
0
0
0
0
0
0
0
0
0
0
0
0
0
0
0
0
0
0
0
0
0
0
0
0
0
0
0
0
0
0
0
0
0
0
0
0
0
0
0
0
0
0
0
0
0
0
0
0
0
0
0
0
0
0
0
0
0
0
0
0
0
0
0
0
0
0
0
0
0
0
0
0
0
0
0
0
0
0
0
0
0
0
0
0
0
0
0
0
0
0
0
0
0
0
0
0
0
0
0
0
0
0
0
0
0
0
0
0
0
0
0
0
0
0
0
0
0
0
0
0
0
0
0
0
0
0
0
0
0
0
0
0
0
0
0
0
0
0
0
0
0
0
0
0
0
0
0
0
0
0
0
0
0
0
0
0
0
0
0
0
0
0
0
0
0
0
0
0
0
0
0
0
0
0
0
0
0
0
0
0
0
0
0
0
0
0
0
0
0
0
0
0
0
0
0
0
0
0
0
0
0
0
0
0
0
0
0
0
0
0
0
0
0
0
0
0
0
0
0
0
0
0
0
0
0
0
0
0
0
0
0
0
0
0
0
0
0
0
0
0
0
0
0
0
0
0
0
0
0
0
0
0
0
0
0
0
0
0
0
0
0
0
0
0
0
0
0
0
0
0
0
0
0
0
0
0
0
0
0
0
0
0
0
0
0
0
0
0
0
0
0
0
0
0
0
0
0
0
0
0
0
0
0
0
0
0
0
0
0
0
0
0
0
0
0
0
0
0
0
0
0
0
0
0
0
0
0
0
0
0
0
0
0
0
0
0
0
0
0
0
0
0
0
0
0
0
0
0
0
0
0
0
0
0
0
0
0
0
0
0
0
0
0
0
0
0
0
0
0
0
0
0
0
0
0
0
0
0
0
0
0
0
0
0
0
0
0
0
0
0
0
0
0
0
0
0
0
0
0
0
0
0
0
0
0
0
0
0
0
0
0
0
0
0
0
0
0
0
0
0
0
0
0
0
0
0
0
0
0
0
0
0
0
0
0
0
0
0
0
0
0
0
0
0
0
0
0
0
0
0
0
0
0
0
0
0
0
0
0
0
0
0
0
0
0
0
0
0
0
0
0
0
0
0
0
0
0
0
0
0
0
0
0
0
0
0
0
0
0
0
0
0
0
0
0
0
0
0
0
0
0
0
0
0
0
0
0
0
0
0
0
0
0
0
0
0
0
0
0
0
0
0
0
0
0
0
0
0
0
0
0
0
0
0
0
0
0
0
0
0
0
0
0
0
0
0
0
0
0
