1157443723186933776
1157443723186933760
18618952716304
18618952716288
1157443718891966480
1157443718891966464
18614657749008
18614657748992
1157443710302031888
1157443710302031872
18606067814416
18606067814400
1157443710302031888
1157443710302031872
18606067814416
18606067814400
1157443693122162704
1157443693122162688
18588887945232
18588887945216
1157443693122162704
1157443693122162688
18588887945232
18588887945216
1157443693122162704
1157443693122162688
18588887945232
18588887945216
1157443693122162704
1157443693122162688
18588887945232
18588887945216
1157443723185881088
1157443723185881088
18618951663616
18618951663616
1157443718890913792
1157443718890913792
18614656696320
18614656696320
1157443710300979200
1157443710300979200
18606066761728
18606066761728
1157443710300979200
1157443710300979200
18606066761728
18606066761728
1157443693121110016
1157443693121110016
18588886892544
18588886892544
1157443693121110016
1157443693121110016
18588886892544
18588886892544
1157443693121110016
1157443693121110016
18588886892544
18588886892544
1157443693121110016
1157443693121110016
18588886892544
18588886892544
1157442898553212944
1157442898553212928
17794318995472
17794318995456
1157442894258245648
1157442894258245632
17790024028176
17790024028160
1157442885668311056
1157442885668311040
17781434093584
17781434093568
1157442885668311056
1157442885668311040
17781434093584
17781434093568
1157442868488441872
1157442868488441856
17764254224400
17764254224384
1157442868488441872
1157442868488441856
17764254224400
17764254224384
1157442868488441872
1157442868488441856
17764254224400
17764254224384
1157442868488441872
1157442868488441856
17764254224400
17764254224384
1157442898552160256
1157442898552160256
17794317942784
17794317942784
1157442894257192960
1157442894257192960
17790022975488
17790022975488
1157442885667258368
1157442885667258368
17781433040896
17781433040896
1157442885667258368
1157442885667258368
17781433040896
17781433040896
1157442868487389184
1157442868487389184
17764253171712
17764253171712
1157442868487389184
1157442868487389184
17764253171712
17764253171712
1157442868487389184
1157442868487389184
17764253171712
17764253171712
1157442868487389184
1157442868487389184
17764253171712
17764253171712
1157443173431119888
1157443173431119872
18069196902416
18069196902400
1157443169136152592
1157443169136152576
18064901935120
18064901935104
1157443160546218000
1157443160546217984
18056312000528
18056312000512
1157443160546218000
1157443160546217984
18056312000528
18056312000512
1157443143366348816
1157443143366348800
18039132131344
18039132131328
1157443143366348816
1157443143366348800
18039132131344
18039132131328
1157443143366348816
1157443143366348800
18039132131344
18039132131328
1157443143366348816
1157443143366348800
18039132131344
18039132131328
1157443173430067200
1157443173430067200
18069195849728
18069195849728
1157443169135099904
1157443169135099904
18064900882432
18064900882432
1157443160545165312
1157443160545165312
18056310947840
18056310947840
1157443160545165312
1157443160545165312
18056310947840
18056310947840
1157443143365296128
1157443143365296128
18039131078656
18039131078656
1157443143365296128
1157443143365296128
18039131078656
18039131078656
1157443143365296128
1157443143365296128
18039131078656
18039131078656
1157443143365296128
1157443143365296128
18039131078656
18039131078656
1157442898553212944
1157442898553212928
17794318995472
17794318995456
1157442894258245648
1157442894258245632
17790024028176
17790024028160
1157442885668311056
1157442885668311040
17781434093584
17781434093568
1157442885668311056
1157442885668311040
17781434093584
17781434093568
1157442868488441872
1157442868488441856
17764254224400
17764254224384
1157442868488441872
1157442868488441856
17764254224400
17764254224384
1157442868488441872
1157442868488441856
17764254224400
17764254224384
1157442868488441872
1157442868488441856
17764254224400
17764254224384
1157442898552160256
1157442898552160256
17794317942784
17794317942784
1157442894257192960
1157442894257192960
17790022975488
17790022975488
1157442885667258368
1157442885667258368
17781433040896
17781433040896
1157442885667258368
1157442885667258368
17781433040896
17781433040896
1157442868487389184
1157442868487389184
17764253171712
17764253171712
1157442868487389184
1157442868487389184
17764253171712
17764253171712
1157442868487389184
1157442868487389184
17764253171712
17764253171712
1157442868487389184
1157442868487389184
17764253171712
17764253171712
1157443723186929664
1157443723186929664
18618952712192
18618952712192
1157443718891962368
1157443718891962368
18614657744896
18614657744896
1157443710302027776
1157443710302027776
18606067810304
18606067810304
1157443710302027776
1157443710302027776
18606067810304
18606067810304
1157443693122158592
1157443693122158592
18588887941120
18588887941120
1157443693122158592
1157443693122158592
18588887941120
18588887941120
1157443693122158592
1157443693122158592
18588887941120
18588887941120
1157443693122158592
1157443693122158592
18588887941120
18588887941120
1157443723185881088
1157443723185881088
18618951663616
18618951663616
1157443718890913792
1157443718890913792
18614656696320
18614656696320
1157443710300979200
1157443710300979200
18606066761728
18606066761728
1157443710300979200
1157443710300979200
18606066761728
18606066761728
1157443693121110016
1157443693121110016
18588886892544
18588886892544
1157443693121110016
1157443693121110016
18588886892544
18588886892544
1157443693121110016
1157443693121110016
18588886892544
18588886892544
1157443693121110016
1157443693121110016
18588886892544
18588886892544
1157442898553208832
1157442898553208832
17794318991360
17794318991360
1157442894258241536
1157442894258241536
17790024024064
17790024024064
1157442885668306944
1157442885668306944
17781434089472
17781434089472
1157442885668306944
1157442885668306944
17781434089472
17781434089472
1157442868488437760
1157442868488437760
17764254220288
17764254220288
1157442868488437760
1157442868488437760
17764254220288
17764254220288
1157442868488437760
1157442868488437760
17764254220288
17764254220288
1157442868488437760
1157442868488437760
17764254220288
17764254220288
1157442898552160256
1157442898552160256
17794317942784
17794317942784
1157442894257192960
1157442894257192960
17790022975488
17790022975488
1157442885667258368
1157442885667258368
17781433040896
17781433040896
1157442885667258368
1157442885667258368
17781433040896
17781433040896
1157442868487389184
1157442868487389184
17764253171712
17764253171712
1157442868487389184
1157442868487389184
17764253171712
17764253171712
1157442868487389184
1157442868487389184
17764253171712
17764253171712
1157442868487389184
1157442868487389184
17764253171712
17764253171712
1157443173431115776
1157443173431115776
18069196898304
18069196898304
1157443169136148480
1157443169136148480
18064901931008
18064901931008
1157443160546213888
1157443160546213888
18056311996416
18056311996416
1157443160546213888
1157443160546213888
18056311996416
18056311996416
1157443143366344704
1157443143366344704
18039132127232
18039132127232
1157443143366344704
1157443143366344704
18039132127232
18039132127232
1157443143366344704
1157443143366344704
18039132127232
18039132127232
1157443143366344704
1157443143366344704
18039132127232
18039132127232
1157443173430067200
1157443173430067200
18069195849728
18069195849728
1157443169135099904
1157443169135099904
18064900882432
18064900882432
1157443160545165312
1157443160545165312
18056310947840
18056310947840
1157443160545165312
1157443160545165312
18056310947840
18056310947840
1157443143365296128
1157443143365296128
18039131078656
18039131078656
1157443143365296128
1157443143365296128
18039131078656
18039131078656
1157443143365296128
1157443143365296128
18039131078656
18039131078656
1157443143365296128
1157443143365296128
18039131078656
18039131078656
1157442898553208832
1157442898553208832
17794318991360
17794318991360
1157442894258241536
1157442894258241536
17790024024064
17790024024064
1157442885668306944
1157442885668306944
17781434089472
17781434089472
1157442885668306944
1157442885668306944
17781434089472
17781434089472
1157442868488437760
1157442868488437760
17764254220288
17764254220288
1157442868488437760
1157442868488437760
17764254220288
17764254220288
1157442868488437760
1157442868488437760
17764254220288
17764254220288
1157442868488437760
1157442868488437760
17764254220288
17764254220288
1157442898552160256
1157442898552160256
17794317942784
17794317942784
1157442894257192960
1157442894257192960
17790022975488
17790022975488
1157442885667258368
1157442885667258368
17781433040896
17781433040896
1157442885667258368
1157442885667258368
17781433040896
17781433040896
1157442868487389184
1157442868487389184
17764253171712
17764253171712
1157442868487389184
1157442868487389184
17764253171712
17764253171712
1157442868487389184
1157442868487389184
17764253171712
17764253171712
1157442868487389184
1157442868487389184
17764253171712
17764253171712
4522218580086800
4522218580086784
18618952716304
18618952716288
4522214285119504
4522214285119488
18614657749008
18614657748992
4522205695184912
4522205695184896
18606067814416
18606067814400
4522205695184912
4522205695184896
18606067814416
18606067814400
4522188515315728
4522188515315712
18588887945232
18588887945216
4522188515315728
4522188515315712
18588887945232
18588887945216
4522188515315728
4522188515315712
18588887945232
18588887945216
4522188515315728
4522188515315712
18588887945232
18588887945216
4522218579034112
4522218579034112
18618951663616
18618951663616
4522214284066816
4522214284066816
18614656696320
18614656696320
4522205694132224
4522205694132224
18606066761728
18606066761728
4522205694132224
4522205694132224
18606066761728
18606066761728
4522188514263040
4522188514263040
18588886892544
18588886892544
4522188514263040
4522188514263040
18588886892544
18588886892544
4522188514263040
4522188514263040
18588886892544
18588886892544
4522188514263040
4522188514263040
18588886892544
18588886892544
4521393946365968
4521393946365952
17794318995472
17794318995456
4521389651398672
4521389651398656
17790024028176
17790024028160
4521381061464080
4521381061464064
17781434093584
17781434093568
4521381061464080
4521381061464064
17781434093584
17781434093568
4521363881594896
4521363881594880
17764254224400
17764254224384
4521363881594896
4521363881594880
17764254224400
17764254224384
4521363881594896
4521363881594880
17764254224400
17764254224384
4521363881594896
4521363881594880
17764254224400
17764254224384
4521393945313280
4521393945313280
17794317942784
17794317942784
4521389650345984
4521389650345984
17790022975488
17790022975488
4521381060411392
4521381060411392
17781433040896
17781433040896
4521381060411392
4521381060411392
17781433040896
17781433040896
4521363880542208
4521363880542208
17764253171712
17764253171712
4521363880542208
4521363880542208
17764253171712
17764253171712
4521363880542208
4521363880542208
17764253171712
17764253171712
4521363880542208
4521363880542208
17764253171712
17764253171712
4521668824272912
4521668824272896
18069196902416
18069196902400
4521664529305616
4521664529305600
18064901935120
18064901935104
4521655939371024
4521655939371008
18056312000528
18056312000512
4521655939371024
4521655939371008
18056312000528
18056312000512
4521638759501840
4521638759501824
18039132131344
18039132131328
4521638759501840
4521638759501824
18039132131344
18039132131328
4521638759501840
4521638759501824
18039132131344
18039132131328
4521638759501840
4521638759501824
18039132131344
18039132131328
4521668823220224
4521668823220224
18069195849728
18069195849728
4521664528252928
4521664528252928
18064900882432
18064900882432
4521655938318336
4521655938318336
18056310947840
18056310947840
4521655938318336
4521655938318336
18056310947840
18056310947840
4521638758449152
4521638758449152
18039131078656
18039131078656
4521638758449152
4521638758449152
18039131078656
18039131078656
4521638758449152
4521638758449152
18039131078656
18039131078656
4521638758449152
4521638758449152
18039131078656
18039131078656
4521393946365968
4521393946365952
17794318995472
17794318995456
4521389651398672
4521389651398656
17790024028176
17790024028160
4521381061464080
4521381061464064
17781434093584
17781434093568
4521381061464080
4521381061464064
17781434093584
17781434093568
4521363881594896
4521363881594880
17764254224400
17764254224384
4521363881594896
4521363881594880
17764254224400
17764254224384
4521363881594896
4521363881594880
17764254224400
17764254224384
4521363881594896
4521363881594880
17764254224400
17764254224384
4521393945313280
4521393945313280
17794317942784
17794317942784
4521389650345984
4521389650345984
17790022975488
17790022975488
4521381060411392
4521381060411392
17781433040896
17781433040896
4521381060411392
4521381060411392
17781433040896
17781433040896
4521363880542208
4521363880542208
17764253171712
17764253171712
4521363880542208
4521363880542208
17764253171712
17764253171712
4521363880542208
4521363880542208
17764253171712
17764253171712
4521363880542208
4521363880542208
17764253171712
17764253171712
4522218580082688
4522218580082688
18618952712192
18618952712192
4522214285115392
4522214285115392
18614657744896
18614657744896
4522205695180800
4522205695180800
18606067810304
18606067810304
4522205695180800
4522205695180800
18606067810304
18606067810304
4522188515311616
4522188515311616
18588887941120
18588887941120
4522188515311616
4522188515311616
18588887941120
18588887941120
4522188515311616
4522188515311616
18588887941120
18588887941120
4522188515311616
4522188515311616
18588887941120
18588887941120
4522218579034112
4522218579034112
18618951663616
18618951663616
4522214284066816
4522214284066816
18614656696320
18614656696320
4522205694132224
4522205694132224
18606066761728
18606066761728
4522205694132224
4522205694132224
18606066761728
18606066761728
4522188514263040
4522188514263040
18588886892544
18588886892544
4522188514263040
4522188514263040
18588886892544
18588886892544
4522188514263040
4522188514263040
18588886892544
18588886892544
4522188514263040
4522188514263040
18588886892544
18588886892544
4521393946361856
4521393946361856
17794318991360
17794318991360
4521389651394560
4521389651394560
17790024024064
17790024024064
4521381061459968
4521381061459968
17781434089472
17781434089472
4521381061459968
4521381061459968
17781434089472
17781434089472
4521363881590784
4521363881590784
17764254220288
17764254220288
4521363881590784
4521363881590784
17764254220288
17764254220288
4521363881590784
4521363881590784
17764254220288
17764254220288
4521363881590784
4521363881590784
17764254220288
17764254220288
4521393945313280
4521393945313280
17794317942784
17794317942784
4521389650345984
4521389650345984
17790022975488
17790022975488
4521381060411392
4521381060411392
17781433040896
17781433040896
4521381060411392
4521381060411392
17781433040896
17781433040896
4521363880542208
4521363880542208
17764253171712
17764253171712
4521363880542208
4521363880542208
17764253171712
17764253171712
4521363880542208
4521363880542208
17764253171712
17764253171712
4521363880542208
4521363880542208
17764253171712
17764253171712
4521668824268800
4521668824268800
18069196898304
18069196898304
4521664529301504
4521664529301504
18064901931008
18064901931008
4521655939366912
4521655939366912
18056311996416
18056311996416
4521655939366912
4521655939366912
18056311996416
18056311996416
4521638759497728
4521638759497728
18039132127232
18039132127232
4521638759497728
4521638759497728
18039132127232
18039132127232
4521638759497728
4521638759497728
18039132127232
18039132127232
4521638759497728
4521638759497728
18039132127232
18039132127232
4521668823220224
4521668823220224
18069195849728
18069195849728
4521664528252928
4521664528252928
18064900882432
18064900882432
4521655938318336
4521655938318336
18056310947840
18056310947840
4521655938318336
4521655938318336
18056310947840
18056310947840
4521638758449152
4521638758449152
18039131078656
18039131078656
4521638758449152
4521638758449152
18039131078656
18039131078656
4521638758449152
4521638758449152
18039131078656
18039131078656
4521638758449152
4521638758449152
18039131078656
18039131078656
4521393946361856
4521393946361856
17794318991360
17794318991360
4521389651394560
4521389651394560
17790024024064
17790024024064
4521381061459968
4521381061459968
17781434089472
17781434089472
4521381061459968
4521381061459968
17781434089472
17781434089472
4521363881590784
4521363881590784
17764254220288
17764254220288
4521363881590784
4521363881590784
17764254220288
17764254220288
4521363881590784
4521363881590784
17764254220288
17764254220288
4521363881590784
4521363881590784
17764254220288
17764254220288
4521393945313280
4521393945313280
17794317942784
17794317942784
4521389650345984
4521389650345984
17790022975488
17790022975488
4521381060411392
4521381060411392
17781433040896
17781433040896
4521381060411392
4521381060411392
17781433040896
17781433040896
4521363880542208
4521363880542208
17764253171712
17764253171712
4521363880542208
4521363880542208
17764253171712
17764253171712
4521363880542208
4521363880542208
17764253171712
17764253171712
4521363880542208
4521363880542208
17764253171712
17764253171712
0
0
0
0
0
0
0
0
0
0
0
0
0
0
0
0
0
0
0
0
0
0
0
0
0
0
0
0
0
0
0
0
0
0
0
0
0
0
0
0
0
0
0
0
0
0
0
0
0
0
0
0
0
0
0
0
0
0
0
0
0
0
0
0
0
0
0
0
0
0
0
0
0
0
0
0
0
0
0
0
0
0
0
0
0
0
0
0
0
0
0
0
0
0
0
0
0
0
0
0
0
0
0
0
0
0
0
0
0
0
0
0
0
0
0
0
0
0
0
0
0
0
0
0
0
0
0
0
0
0
0
0
0
0
0
0
0
0
0
0
0
0
0
0
0
0
0
0
0
0
0
0
0
0
0
0
0
0
0
0
0
0
0
0
0
0
0
0
0
0
0
0
0
0
0
0
0
0
0
0
0
0
0
0
0
0
0
0
0
0
0
0
0
0
0
0
0
0
0
0
0
0
0
0
0
0
0
0
0
0
0
0
0
0
0
0
0
0
0
0
0
0
0
0
0
0
0
0
0
0
0
0
0
0
0
0
0
0
0
0
0
0
0
0
0
0
0
0
0
0
0
0
0
0
0
0
0
0
0
0
0
0
0
0
0
0
0
0
0
0
0
0
0
0
0
0
0
0
0
0
0
0
0
0
0
0
0
0
0
0
0
0
0
0
0
0
0
0
0
0
0
0
0
0
0
0
0
0
0
0
0
0
0
0
0
0
0
0
0
0
0
0
0
0
0
0
0
0
0
0
0
0
0
0
0
0
0
0
0
0
0
0
0
0
0
0
0
0
0
0
0
0
0
0
0
0
0
0
0
0
0
0
0
0
0
0
0
0
0
0
0
0
0
0
0
0
0
0
0
0
0
0
0
0
0
0
0
0
0
0
0
0
0
0
0
0
0
0
0
0
0
0
0
0
0
0
0
0
0
0
0
0
0
0
0
0
0
0
0
0
0
0
0
0
0
0
0
0
0
0
0
0
0
0
0
0
0
0
0
0
0
0
0
0
0
0
0
0
0
0
0
0
0
0
0
0
0
0
0
0
0
0
0
0
0
0
0
0
0
0
0
0
0
0
0
0
0
0
0
0
0
0
0
0
0
0
0
0
0
0
0
0
0
0
0
0
0
0
0
0
0
0
0
0
0
0
0
0
0
0
0
0
0
0
0
0
0
0
0
0
0
0
0
0
0
0
0
0
0
0
0
0
0
0
0
0
0
0
0
0
0
0
0
0
0
0
0
0
0
0
0
0
0
0
0
0
0
0
0
0
0
0
0
0
0
0
0
0
0
0
0
0
0
0
0
0
0
0
0
0
0
0
0
0
0
0
0
0
0
0
0
0
0
0
0
0
0
0
0
0
0
0
0
0
0
0
0
0
0
0
0
0
0
0
0
0
0
0
0
0
0
0
0
0
0
0
0
0
0
0
0
0
0
0
0
0
0
0
0
0
0
0
0
0
0
0
0
0
0
0
0
0
0
0
0
0
0
0
0
0
0
0
0
0
0
0
0
0
0
0
0
0
0
0
0
0
0
0
0
0
0
0
0
0
0
0
0
0
0
0
0
0
0
0
0
0
0
0
0
0
0
0
0
0
0
0
0
0
0
0
0
0
0
0
0
0
0
0
0
0
0
0
0
0
0
0
0
0
0
0
0
0
0
0
0
0
0
0
0
0
0
0
0
0
0
0
0
0
0
0
0
0
0
0
0
0
0
0
0
0
0
0
0
0
0
0
0
0
0
0
0
0
0
0
0
0
0
0
0
0
0
0
0
0
0
0
0
0
0
0
0
0
0
0
0
0
0
0
0
0
0
0
0
0
0
0
0
0
0
0
0
0
0
0
0
0
0
0
0
0
0
0
0
0
0
0
0
0
0
0
0
0
0
0
0
0
0
0
0
0
0
0
0
0
0
0
0
0
0
0
0
0
0
0
0
0
0
0
0
0
0
0
0
0
0
0
0
0
0
0
0
0
0
0
0
0
0
0
0
0
0
0
0
0
0
0
0
0
0
0
0
0
0
0
0
0
0
0
0
0
0
0
0
0
0
0
0
0
0
0
0
0
0
0
0
0
0
0
0
0
0
0
0
0
0
0
0
0
0
0
0
0
0
0
0
0
0
0
0
0
0
0
0
0
0
0
0
0
0
0
0
0
0
0
0
0
0
0
0
0
0
0
0
0
0
0
0
0
0
0
0
0
0
0
0
0
0
0
0
0
0
0
0
0
0
0
0
0
0
0
0
0
0
0
0
0
0
0
0
0
0
0
0
0
0
0
0
0
0
0
0
0
0
0
0
0
0
0
0
0
0
0
0
0
0
0
0
0
0
0
0
0
0
0
0
0
0
0
0
0
0
0
0
0
0
0
0
0
0
0
0
0
0
0
0
0
0
0
0
0
0
0
0
0
0
0
0
0
0
0
0
0
0
0
0
0
0
0
0
0
0
0
0
0
0
0
0
0
0
0
0
0
0
0
0
0
0
0
0
0
0
0
0
0
0
0
0
0
0
0
0
0
0
0
0
0
0
0
0
0
0
0
0
0
0
0
0
0
0
0
0
0
0
0
0
0
0
0
0
0
0
0
0
0
0
0
0
0
0
0
0
0
0
0
0
0
0
0
0
0
0
0
0
0
0
0
0
0
0
0
0
0
0
0
0
0
0
0
0
0
0
0
0
0
0
0
0
0
0
0
0
0
0
0
0
0
0
0
0
0
0
0
0
0
0
0
0
0
0
0
0
0
0
0
0
0
0
0
0
0
0
0
0
0
0
0
0
0
0
0
0
0
0
0
0
0
0
0
0
0
0
0
0
0
0
0
0
0
0
0
0
0
0
0
0
0
0
0
0
0
0
0
0
0
0
0
0
0
0
0
0
0
0
0
0
0
0
0
0
0
0
0
0
0
0
0
0
0
0
0
0
0
0
0
0
0
0
0
0
0
0
0
0
0
0
0
0
0
0
0
0
0
0
0
0
0
0
0
0
0
0
0
0
0
0
0
0
0
0
0
0
0
0
0
0
0
0
0
0
0
0
0
0
0
0
0
0
0
0
0
0
0
0
0
0
0
0
0
0
0
0
0
0
0
0
0
0
0
0
0
0
0
0
0
0
0
0
0
0
0
0
0
0
0
0
0
0
0
0
0
0
0
0
0
0
0
0
0
0
0
0
0
0
0
0
0
0
0
0
0
0
0
0
0
0
0
0
0
0
0
0
0
0
0
0
0
0
0
0
0
0
0
0
0
0
0
0
0
0
0
0
0
0
0
0
0
0
0
0
0
0
0
0
0
0
0
0
0
0
0
0
0
0
0
0
0
0
0
0
0
0
0
0
0
0
0
0
0
0
0
0
0
0
0
0
0
0
0
0
0
0
0
0
0
0
0
0
0
0
0
0
0
0
0
0
0
0
0
0
0
0
0
0
0
0
0
0
0
0
0
0
0
0
0
0
0
0
0
0
0
0
0
0
0
0
0
0
0
0
0
0
0
0
0
0
0
0
0
0
0
0
0
0
0
0
0
0
0
0
0
0
0
0
0
0
0
0
0
0
0
0
0
0
0
0
0
0
0
0
0
0
0
0
0
0
0
0
0
0
0
0
0
0
0
0
0
0
0
0
0
0
0
0
0
0
0
0
0
0
0
0
0
0
0
0
0
0
0
0
0
0
0
0
0
0
0
0
0
0
0
0
0
0
0
0
0
0
0
0
0
0
0
0
0
0
0
0
0
0
0
0
0
0
0
0
0
0
0
0
0
0
0
0
0
0
0
0
0
0
0
0
0
0
0
0
0
0
0
0
0
0
0
0
0
0
0
0
0
0
0
0
0
0
0
0
0
0
0
0
0
0
0
0
0
0
0
0
0
0
0
0
0
0
0
0
0
0
0
0
0
0
0
0
0
0
0
0
0
0
0
0
0
0
0
0
0
0
0
0
0
0
0
0
0
0
0
0
0
0
0
0
0
0
0
0
0
0
0
0
0
0
0
0
0
0
0
0
0
0
0
0
0
0
0
0
0
0
0
0
0
0
0
0
0
0
0
0
0
0
0
0
0
0
0
0
0
0
0
0
0
0
0
0
0
0
0
0
0
0
0
0
0
0
0
0
0
0
0
0
0
0
0
0
0
0
0
0
0
0
0
0
0
0
0
0
0
0
0
0
0
0
0
0
0
0
0
0
0
0
0
0
0
0
0
0
0
0
0
0
0
0
0
0
0
0
0
0
0
0
0
0
0
0
0
0
0
0
0
0
0
0
0
0
0
0
0
0
0
0
0
0
0
0
0
0
0
0
0
0
0
0
0
0
0
0
0
0
0
0
0
0
0
0
0
0
0
0
0
0
0
0
0
0
0
0
0
0
0
0
0
0
0
0
0
0
0
0
0
0
0
0
0
0
0
0
0
0
0
0
0
0
0
0
0
0
0
0
0
0
0
0
0
0
0
0
0
0
0
0
0
0
0
0
0
0
0
0
0
0
0
0
0
0
0
0
0
0
0
0
0
0
0
0
0
0
0
0
0
0
0
0
0
0
0
0
0
0
0
0
0
0
0
0
0
0
0
0
0
0
0
0
0
0
0
0
0
0
0
0
0
0
0
0
0
0
0
0
0
0
0
0
0
0
0
0
0
0
0
0
0
0
0
0
0
0
0
0
0
0
0
0
0
0
0
0
0
0
0
0
0
0
0
0
0
0
0
0
0
0
0
0
0
0
0
0
0
0
0
0
0
0
0
0
0
0
0
0
0
0
0
0
0
0
0
0
0
0
0
0
0
0
0
0
0
0
0
0
0
0
0
0
0
0
0
0
0
0
0
0
0
0
0
0
0
0
0
0
0
0
0
0
0
0
0
0
0
0
0
0
0
0
0
0
0
0
0
0
0
0
0
0
0
0
0
0
0
0
0
0
0
0
0
0
0
0
0
0
0
0
0
0
0
0
0
0
0
0
0
0
0
0
0
0
0
0
0
0
0
0
0
0
0
0
0
0
0
0
0
0
0
0
0
0
0
0
0
0
0
0
0
0
0
0
0
0
0
0
0
0
0
0
0
0
0
0
0
0
0
0
0
0
0
0
0
0
0
0
0
0
0
0
0
0
0
0
0
0
0
0
0
0
0
0
0
0
0
0
0
0
0
0
0
0
0
0
0
0
0
0
0
0
0
0
0
0
0
0
0
0
0
0
0
0
0
0
0
0
0
0
0
0
0
0
0
0
0
0
0
0
0
0
0
0
0
0
0
0
0
0
0
0
0
0
0
0
0
0
0
0
0
0
0
0
0
0
0
0
0
0
0
0
0
0
0
0
0
0
0
0
0
0
0
0
0
0
0
0
0
0
0
0
0
0
0
0
0
0
0
0
0
0
0
0
0
0
0
0
0
0
0
0
0
0
0
0
0
0
0
0
0
0
0
0
0
0
0
0
0
0
0
0
0
0
0
0
0
0
0
0
0
0
0
0
0
0
0
0
0
0
0
0
0
0
0
0
0
0
0
0
0
0
0
0
0
0
0
0
0
0
0
0
0
0
0
0
0
0
0
0
0
0
0
0
0
0
0
0
0
0
0
0
0
0
0
0
0
0
0
0
0
0
0
0
0
0
0
0
0
0
0
0
0
0
0
0
0
0
0
0
0
0
0
0
0
0
0
0
0
0
0
0
0
0
0
0
0
0
0
0
0
0
0
0
0
0
0
0
0
0
0
0
0
0
0
0
0
0
0
0
0
0
0
0
0
0
0
0
0
0
0
0
0
0
0
0
0
0
0
0
0
0
0
0
0
0
0
0
0
0
0
0
0
0
0
0
0
0
0
0
0
0
0
0
0
0
0
0
0
0
0
0
0
0
0
0
0
0
0
0
0
0
0
0
0
0
0
0
0
0
0
0
0
0
0
0
0
0
0
0
0
0
0
0
0
0
0
0
0
0
0
0
0
0
0
0
0
0
0
0
0
0
0
0
0
0
0
0
0
0
0
0
0
0
0
0
0
0
0
0
0
0
0
0
0
0
0
0
0
0
0
0
0
0
0
0
0
0
0
0
0
0
0
0
0
0
0
0
0
0
0
0
0
0
0
0
0
0
0
0
0
0
0
0
0
0
0
0
0
0
0
0
0
0
0
0
0
0
0
0
0
0
0
0
0
0
0
0
0
0
0
0
0
0
0
0
0
0
0
0
0
0
0
0
0
0
0
0
0
0
0
0
0
0
0
0
0
0
0
0
0
0
0
0
0
0
0
0
0
0
0
0
0
0
0
0
0
0
0
0
0
0
0
0
0
0
0
0
0
0
0
0
0
0
0
0
0
0
0
0
0
0
0
0
0
0
0
0
0
0
0
0
0
0
0
0
0
0
0
0
0
0
0
0
0
0
0
0
0
0
0
0
0
0
0
0
0
0
0
0
0
0
0
0
0
0
0
0
0
0
0
0
0
0
0
0
0
0
0
0
0
0
0
0
0
0
0
0
0
0
0
0
0
0
0
0
0
0
0
0
0
0
0
0
0
0
0
0
0
0
0
0
0
0
0
0
0
0
0
0
0
0
0
0
0
0
0
0
0
0
0
0
0
0
0
0
0
0
0
0
0
0
0
0
0
0
0
0
0
0
0
0
0
0
0
0
0
0
0
0
0
0
0
0
0
0
0
0
0
0
0
0
0
0
0
0
0
0
0
0
0
0
0
0
0
0
0
0
0
0
0
0
0
0
0
0
0
0
0
0
0
0
0
0
0
0
0
0
0
0
0
0
0
0
0
0
0
0
0
0
0
0
0
0
0
0
0
0
0
0
0
0
0
0
0
0
0
0
0
0
0
0
0
0
0
0
0
0
0
0
0
0
0
0
0
0
0
0
0
0
0
0
0
0
0
0
0
0
0
0
0
0
0
0
0
0
0
0
0
0
0
0
0
0
0
0
0
0
0
0
0
0
0
0
0
0
0
0
0
0
0
0
0
