17226286235867156496
17226286235867152384
3391228111596027904
3391228111596027904
8002914130023415808
8002914130023415808
3391228111596027904
3391228111596027904
17226268574692147200
17226268574692147200
3391210519409983488
3391210519409983488
8002896537837371392
8002896537837371392
3391210519409983488
3391210519409983488
3319170517558099968
3319170517558099968
7930856535985487872
7930856535985487872
3319170517558099968
3319170517558099968
17154228572840263680
17154228572840263680
3319152925372055552
3319152925372055552
7930838943799443456
7930838943799443456
3319152925372055552
3319152925372055552
17154210980654219264
17154210980654219264
7786741347909632000
7786741347909632000
3175055329482244096
3175055329482244096
17010113384764407808
17010113384764407808
3175055398201720832
3175055398201720832
7786723755723587584
7786723755723587584
3175037737296199680
3175037737296199680
17010095792578363392
17010095792578363392
3175037737296199680
3175037737296199680
3175055329482244096
3175055329482244096
17010113384764407808
17010113384764407808
3175055398201720832
3175055398201720832
7786741416629108736
7786741416629108736
3175037737296199680
3175037737296199680
17010095792578363392
17010095792578363392
3175037737296199680
3175037737296199680
7786723755723587584
7786723755723587584
16721883008612696064
16721883008612696064
2886825022318444544
2886825022318444544
7498511040477396992
7498511040477396992
2886825022050009088
2886825022050009088
16721865416426651648
16721865416426651648
2886807361144487936
2886807361144487936
7498493379571875840
7498493379571875840
2886807361144487936
2886807361144487936
2886825022319497232
2886825022319493120
7498511040745832448
7498511040745832448
2886825022050009088
2886825022050009088
16721883077332172800
16721883077332172800
2886807361144487936
2886807361144487936
7498493379571875840
7498493379571875840
2886807361144487936
2886807361144487936
16721865416426651648
16721865416426651648
7498511040746885136
7498511040746881024
2886825022318444544
2886825022318444544
16721883077332172800
16721883077332172800
2886824953330532352
2886824953330532352
7498493379571875840
7498493379571875840
2886807361144487936
2886807361144487936
16721865416426651648
16721865416426651648
2886807361144487936
2886807361144487936
2886825022319497232
2886825022319493120
16721883077600608256
16721883077600608256
2886824953330532352
2886824953330532352
7498510971757920256
7498510971757920256
2886807361144487936
2886807361144487936
16721865416426651648
16721865416426651648
2886807361144487936
2886807361144487936
7498493379571875840
7498493379571875840
17226286235867156480
17226286235867152384
3391228111596027904
3391228111596027904
8002914130023415808
8002914130023415808
3391228111596027904
3391228111596027904
17226268574692147200
17226268574692147200
3391210519409983488
3391210519409983488
8002896537837371392
8002896537837371392
3391210519409983488
3391210519409983488
3319170517558099968
3319170517558099968
7930856535985487872
7930856535985487872
3319170517558099968
3319170517558099968
17154228572840263680
17154228572840263680
3319152925372055552
3319152925372055552
7930838943799443456
7930838943799443456
3319152925372055552
3319152925372055552
17154210980654219264
17154210980654219264
7786741347909632000
7786741347909632000
3175055329482244096
3175055329482244096
17010113384764407808
17010113384764407808
3175055398201720832
3175055398201720832
7786723755723587584
7786723755723587584
3175037737296199680
3175037737296199680
17010095792578363392
17010095792578363392
3175037737296199680
3175037737296199680
3175055329482244096
3175055329482244096
17010113384764407808
17010113384764407808
3175055398201720832
3175055398201720832
7786741416629108736
7786741416629108736
3175037737296199680
3175037737296199680
17010095792578363392
17010095792578363392
3175037737296199680
3175037737296199680
7786723755723587584
7786723755723587584
16721883008612696064
16721883008612696064
2886825022318444544
2886825022318444544
7498511040477396992
7498511040477396992
2886825022050009088
2886825022050009088
16721865416426651648
16721865416426651648
2886807361144487936
2886807361144487936
7498493379571875840
7498493379571875840
2886807361144487936
2886807361144487936
2886825022319497216
2886825022319493120
7498511040745832448
7498511040745832448
2886825022050009088
2886825022050009088
16721883077332172800
16721883077332172800
2886807361144487936
2886807361144487936
7498493379571875840
7498493379571875840
2886807361144487936
2886807361144487936
16721865416426651648
16721865416426651648
7498511040746885120
7498511040746881024
2886825022318444544
2886825022318444544
16721883077332172800
16721883077332172800
2886824953330532352
2886824953330532352
7498493379571875840
7498493379571875840
2886807361144487936
2886807361144487936
16721865416426651648
16721865416426651648
2886807361144487936
2886807361144487936
2886825022319497216
2886825022319493120
16721883077600608256
16721883077600608256
2886824953330532352
2886824953330532352
7498510971757920256
7498510971757920256
2886807361144487936
2886807361144487936
16721865416426651648
16721865416426651648
2886807361144487936
2886807361144487936
7498493379571875840
7498493379571875840
3391228180584992784
3391228180584988672
17226286235866103808
17226286235866103808
3391228111596027904
3391228111596027904
8002914130023415808
8002914130023415808
3391210519409983488
3391210519409983488
17226268574692147200
17226268574692147200
3391210519409983488
3391210519409983488
8002896537837371392
8002896537837371392
17154228641829228560
17154228641829224448
3319170517558099968
3319170517558099968
7930856535985487872
7930856535985487872
3319170517558099968
3319170517558099968
17154210980654219264
17154210980654219264
3319152925372055552
3319152925372055552
7930838943799443456
7930838943799443456
3319152925372055552
3319152925372055552
3175055329482244096
3175055329482244096
7786741347909632000
7786741347909632000
3175055329482244096
3175055329482244096
17010113384764407808
17010113384764407808
3175037737296199680
3175037737296199680
7786723755723587584
7786723755723587584
3175037737296199680
3175037737296199680
17010095792578363392
17010095792578363392
7786741347909632000
7786741347909632000
3175055329482244096
3175055329482244096
17010113384764407808
17010113384764407808
3175055398201720832
3175055398201720832
7786723755723587584
7786723755723587584
3175037737296199680
3175037737296199680
17010095792578363392
17010095792578363392
3175037737296199680
3175037737296199680
2886824953330532352
2886824953330532352
16721883008612696064
16721883008612696064
2886825022050009088
2886825022050009088
7498511040477396992
7498511040477396992
2886807361144487936
2886807361144487936
16721865416426651648
16721865416426651648
2886807361144487936
2886807361144487936
7498493379571875840
7498493379571875840
16721883008612696064
16721883008612696064
2886825022318444544
2886825022318444544
7498511040477396992
7498511040477396992
2886825022050009088
2886825022050009088
16721865416426651648
16721865416426651648
2886807361144487936
2886807361144487936
7498493379571875840
7498493379571875840
2886807361144487936
2886807361144487936
2886825022319497232
2886825022319493120
7498511040745832448
7498511040745832448
2886825022050009088
2886825022050009088
16721883077332172800
16721883077332172800
2886807361144487936
2886807361144487936
7498493379571875840
7498493379571875840
2886807361144487936
2886807361144487936
16721865416426651648
16721865416426651648
7498511040746885136
7498511040746881024
2886825022318444544
2886825022318444544
16721883077332172800
16721883077332172800
2886824953330532352
2886824953330532352
7498493379571875840
7498493379571875840
2886807361144487936
2886807361144487936
16721865416426651648
16721865416426651648
2886807361144487936
2886807361144487936
3391228180584992768
3391228180584988672
17226286235866103808
17226286235866103808
3391228111596027904
3391228111596027904
8002914130023415808
8002914130023415808
3391210519409983488
3391210519409983488
17226268574692147200
17226268574692147200
3391210519409983488
3391210519409983488
8002896537837371392
8002896537837371392
17154228641829228544
17154228641829224448
3319170517558099968
3319170517558099968
7930856535985487872
7930856535985487872
3319170517558099968
3319170517558099968
17154210980654219264
17154210980654219264
3319152925372055552
3319152925372055552
7930838943799443456
7930838943799443456
3319152925372055552
3319152925372055552
3175055329482244096
3175055329482244096
7786741347909632000
7786741347909632000
3175055329482244096
3175055329482244096
17010113384764407808
17010113384764407808
3175037737296199680
3175037737296199680
7786723755723587584
7786723755723587584
3175037737296199680
3175037737296199680
17010095792578363392
17010095792578363392
7786741347909632000
7786741347909632000
3175055329482244096
3175055329482244096
17010113384764407808
17010113384764407808
3175055398201720832
3175055398201720832
7786723755723587584
7786723755723587584
3175037737296199680
3175037737296199680
17010095792578363392
17010095792578363392
3175037737296199680
3175037737296199680
2886824953330532352
2886824953330532352
16721883008612696064
16721883008612696064
2886825022050009088
2886825022050009088
7498511040477396992
7498511040477396992
2886807361144487936
2886807361144487936
16721865416426651648
16721865416426651648
2886807361144487936
2886807361144487936
7498493379571875840
7498493379571875840
16721883008612696064
16721883008612696064
2886825022318444544
2886825022318444544
7498511040477396992
7498511040477396992
2886825022050009088
2886825022050009088
16721865416426651648
16721865416426651648
2886807361144487936
2886807361144487936
7498493379571875840
7498493379571875840
2886807361144487936
2886807361144487936
2886825022319497216
2886825022319493120
7498511040745832448
7498511040745832448
2886825022050009088
2886825022050009088
16721883077332172800
16721883077332172800
2886807361144487936
2886807361144487936
7498493379571875840
7498493379571875840
2886807361144487936
2886807361144487936
16721865416426651648
16721865416426651648
7498511040746885120
7498511040746881024
2886825022318444544
2886825022318444544
16721883077332172800
16721883077332172800
2886824953330532352
2886824953330532352
7498493379571875840
7498493379571875840
2886807361144487936
2886807361144487936
16721865416426651648
16721865416426651648
2886807361144487936
2886807361144487936
8002914199012380688
8002914199012376576
3391228180583940096
3391228180583940096
17226286235597668352
17226286235597668352
3391228111596027904
3391228111596027904
8002896537837371392
8002896537837371392
3391210519409983488
3391210519409983488
17226268574692147200
17226268574692147200
3391210519409983488
3391210519409983488
3319170586547064848
3319170586547060736
17154228641828175872
17154228641828175872
3319170517558099968
3319170517558099968
7930856535985487872
7930856535985487872
3319152925372055552
3319152925372055552
17154210980654219264
17154210980654219264
3319152925372055552
3319152925372055552
7930838943799443456
7930838943799443456
17010113453753372688
17010113453753368576
3175055329482244096
3175055329482244096
7786741347909632000
7786741347909632000
3175055329482244096
3175055329482244096
17010095792578363392
17010095792578363392
3175037737296199680
3175037737296199680
7786723755723587584
7786723755723587584
3175037737296199680
3175037737296199680
3175055329482244096
3175055329482244096
7786741347909632000
7786741347909632000
3175055329482244096
3175055329482244096
17010113384764407808
17010113384764407808
3175037737296199680
3175037737296199680
7786723755723587584
7786723755723587584
3175037737296199680
3175037737296199680
17010095792578363392
17010095792578363392
7498510971757920256
7498510971757920256
2886824953330532352
2886824953330532352
16721883008612696064
16721883008612696064
2886825022050009088
2886825022050009088
7498493379571875840
7498493379571875840
2886807361144487936
2886807361144487936
16721865416426651648
16721865416426651648
2886807361144487936
2886807361144487936
2886824953330532352
2886824953330532352
16721883008612696064
16721883008612696064
2886825022050009088
2886825022050009088
7498511040477396992
7498511040477396992
2886807361144487936
2886807361144487936
16721865416426651648
16721865416426651648
2886807361144487936
2886807361144487936
7498493379571875840
7498493379571875840
16721883008612696064
16721883008612696064
2886825022318444544
2886825022318444544
7498511040477396992
7498511040477396992
2886825022050009088
2886825022050009088
16721865416426651648
16721865416426651648
2886807361144487936
2886807361144487936
7498493379571875840
7498493379571875840
2886807361144487936
2886807361144487936
2886825022319497232
2886825022319493120
7498511040745832448
7498511040745832448
2886825022050009088
2886825022050009088
16721883077332172800
16721883077332172800
2886807361144487936
2886807361144487936
7498493379571875840
7498493379571875840
2886807361144487936
2886807361144487936
16721865416426651648
16721865416426651648
8002914199012380672
8002914199012376576
3391228180583940096
3391228180583940096
17226286235597668352
17226286235597668352
3391228111596027904
3391228111596027904
8002896537837371392
8002896537837371392
3391210519409983488
3391210519409983488
17226268574692147200
17226268574692147200
3391210519409983488
3391210519409983488
3319170586547064832
3319170586547060736
17154228641828175872
17154228641828175872
3319170517558099968
3319170517558099968
7930856535985487872
7930856535985487872
3319152925372055552
3319152925372055552
17154210980654219264
17154210980654219264
3319152925372055552
3319152925372055552
7930838943799443456
7930838943799443456
17010113453753372672
17010113453753368576
3175055329482244096
3175055329482244096
7786741347909632000
7786741347909632000
3175055329482244096
3175055329482244096
17010095792578363392
17010095792578363392
3175037737296199680
3175037737296199680
7786723755723587584
7786723755723587584
3175037737296199680
3175037737296199680
3175055329482244096
3175055329482244096
7786741347909632000
7786741347909632000
3175055329482244096
3175055329482244096
17010113384764407808
17010113384764407808
3175037737296199680
3175037737296199680
7786723755723587584
7786723755723587584
3175037737296199680
3175037737296199680
17010095792578363392
17010095792578363392
7498510971757920256
7498510971757920256
2886824953330532352
2886824953330532352
16721883008612696064
16721883008612696064
2886825022050009088
2886825022050009088
7498493379571875840
7498493379571875840
2886807361144487936
2886807361144487936
16721865416426651648
16721865416426651648
2886807361144487936
2886807361144487936
2886824953330532352
2886824953330532352
16721883008612696064
16721883008612696064
2886825022050009088
2886825022050009088
7498511040477396992
7498511040477396992
2886807361144487936
2886807361144487936
16721865416426651648
16721865416426651648
2886807361144487936
2886807361144487936
7498493379571875840
7498493379571875840
16721883008612696064
16721883008612696064
2886825022318444544
2886825022318444544
7498511040477396992
7498511040477396992
2886825022050009088
2886825022050009088
16721865416426651648
16721865416426651648
2886807361144487936
2886807361144487936
7498493379571875840
7498493379571875840
2886807361144487936
2886807361144487936
2886825022319497216
2886825022319493120
7498511040745832448
7498511040745832448
2886825022050009088
2886825022050009088
16721883077332172800
16721883077332172800
2886807361144487936
2886807361144487936
7498493379571875840
7498493379571875840
2886807361144487936
2886807361144487936
16721865416426651648
16721865416426651648
3391228180584992784
3391228180584988672
8002914199011328000
8002914199011328000
3391228180315504640
3391228180315504640
17226286235597668352
17226286235597668352
3391210519409983488
3391210519409983488
8002896537837371392
8002896537837371392
3391210519409983488
3391210519409983488
17226268574692147200
17226268574692147200
7930856604974452752
7930856604974448640
3319170586546012160
3319170586546012160
17154228641559740416
17154228641559740416
3319170517558099968
3319170517558099968
7930838943799443456
7930838943799443456
3319152925372055552
3319152925372055552
17154210980654219264
17154210980654219264
3319152925372055552
3319152925372055552
3175055398471208976
3175055398471204864
17010113453752320000
17010113453752320000
3175055329482244096
3175055329482244096
7786741347909632000
7786741347909632000
3175037737296199680
3175037737296199680
17010095792578363392
17010095792578363392
3175037737296199680
3175037737296199680
7786723755723587584
7786723755723587584
17010113453753372688
17010113453753368576
3175055329482244096
3175055329482244096
7786741347909632000
7786741347909632000
3175055329482244096
3175055329482244096
17010095792578363392
17010095792578363392
3175037737296199680
3175037737296199680
7786723755723587584
7786723755723587584
3175037737296199680
3175037737296199680
2886824953330532352
2886824953330532352
7498510971757920256
7498510971757920256
2886824953330532352
2886824953330532352
16721883008612696064
16721883008612696064
2886807361144487936
2886807361144487936
7498493379571875840
7498493379571875840
2886807361144487936
2886807361144487936
16721865416426651648
16721865416426651648
7498510971757920256
7498510971757920256
2886824953330532352
2886824953330532352
16721883008612696064
16721883008612696064
2886825022050009088
2886825022050009088
7498493379571875840
7498493379571875840
2886807361144487936
2886807361144487936
16721865416426651648
16721865416426651648
2886807361144487936
2886807361144487936
2886824953330532352
2886824953330532352
16721883008612696064
16721883008612696064
2886825022050009088
2886825022050009088
7498511040477396992
7498511040477396992
2886807361144487936
2886807361144487936
16721865416426651648
16721865416426651648
2886807361144487936
2886807361144487936
7498493379571875840
7498493379571875840
16721883008612696064
16721883008612696064
2886825022318444544
2886825022318444544
7498511040477396992
7498511040477396992
2886825022050009088
2886825022050009088
16721865416426651648
16721865416426651648
2886807361144487936
2886807361144487936
7498493379571875840
7498493379571875840
2886807361144487936
2886807361144487936
3391228180584992768
3391228180584988672
8002914199011328000
8002914199011328000
3391228180315504640
3391228180315504640
17226286235597668352
17226286235597668352
3391210519409983488
3391210519409983488
8002896537837371392
8002896537837371392
3391210519409983488
3391210519409983488
17226268574692147200
17226268574692147200
7930856604974452736
7930856604974448640
3319170586546012160
3319170586546012160
17154228641559740416
17154228641559740416
3319170517558099968
3319170517558099968
7930838943799443456
7930838943799443456
3319152925372055552
3319152925372055552
17154210980654219264
17154210980654219264
3319152925372055552
3319152925372055552
3175055398471208960
3175055398471204864
17010113453752320000
17010113453752320000
3175055329482244096
3175055329482244096
7786741347909632000
7786741347909632000
3175037737296199680
3175037737296199680
17010095792578363392
17010095792578363392
3175037737296199680
3175037737296199680
7786723755723587584
7786723755723587584
17010113453753372672
17010113453753368576
3175055329482244096
3175055329482244096
7786741347909632000
7786741347909632000
3175055329482244096
3175055329482244096
17010095792578363392
17010095792578363392
3175037737296199680
3175037737296199680
7786723755723587584
7786723755723587584
3175037737296199680
3175037737296199680
2886824953330532352
2886824953330532352
7498510971757920256
7498510971757920256
2886824953330532352
2886824953330532352
16721883008612696064
16721883008612696064
2886807361144487936
2886807361144487936
7498493379571875840
7498493379571875840
2886807361144487936
2886807361144487936
16721865416426651648
16721865416426651648
7498510971757920256
7498510971757920256
2886824953330532352
2886824953330532352
16721883008612696064
16721883008612696064
2886825022050009088
2886825022050009088
7498493379571875840
7498493379571875840
2886807361144487936
2886807361144487936
16721865416426651648
16721865416426651648
2886807361144487936
2886807361144487936
2886824953330532352
2886824953330532352
16721883008612696064
16721883008612696064
2886825022050009088
2886825022050009088
7498511040477396992
7498511040477396992
2886807361144487936
2886807361144487936
16721865416426651648
16721865416426651648
2886807361144487936
2886807361144487936
7498493379571875840
7498493379571875840
16721883008612696064
16721883008612696064
2886825022318444544
2886825022318444544
7498511040477396992
7498511040477396992
2886825022050009088
2886825022050009088
16721865416426651648
16721865416426651648
2886807361144487936
2886807361144487936
7498493379571875840
7498493379571875840
2886807361144487936
2886807361144487936
17226286166878191616
17226286166878191616
3391228180583940096
3391228180583940096
8002914198742892544
8002914198742892544
3391228180315504640
3391228180315504640
17226268574692147200
17226268574692147200
3391210519409983488
3391210519409983488
8002896537837371392
8002896537837371392
3391210519409983488
3391210519409983488
3319170586547064848
3319170586547060736
7930856604973400064
7930856604973400064
3319170586277576704
3319170586277576704
17154228641559740416
17154228641559740416
3319152925372055552
3319152925372055552
7930838943799443456
7930838943799443456
3319152925372055552
3319152925372055552
17154210980654219264
17154210980654219264
7786741416898596880
7786741416898592768
3175055398470156288
3175055398470156288
17010113453483884544
17010113453483884544
3175055329482244096
3175055329482244096
7786723755723587584
7786723755723587584
3175037737296199680
3175037737296199680
17010095792578363392
17010095792578363392
3175037737296199680
3175037737296199680
3175055398471208976
3175055398471204864
17010113453752320000
17010113453752320000
3175055329482244096
3175055329482244096
7786741347909632000
7786741347909632000
3175037737296199680
3175037737296199680
17010095792578363392
17010095792578363392
3175037737296199680
3175037737296199680
7786723755723587584
7786723755723587584
16721883077601660944
16721883077601656832
2886824953330532352
2886824953330532352
7498510971757920256
7498510971757920256
2886824953330532352
2886824953330532352
16721865416426651648
16721865416426651648
2886807361144487936
2886807361144487936
7498493379571875840
7498493379571875840
2886807361144487936
2886807361144487936
2886824953330532352
2886824953330532352
7498510971757920256
7498510971757920256
2886824953330532352
2886824953330532352
16721883008612696064
16721883008612696064
2886807361144487936
2886807361144487936
7498493379571875840
7498493379571875840
2886807361144487936
2886807361144487936
16721865416426651648
16721865416426651648
7498510971757920256
7498510971757920256
2886824953330532352
2886824953330532352
16721883008612696064
16721883008612696064
2886825022050009088
2886825022050009088
7498493379571875840
7498493379571875840
2886807361144487936
2886807361144487936
16721865416426651648
16721865416426651648
2886807361144487936
2886807361144487936
2886824953330532352
2886824953330532352
16721883008612696064
16721883008612696064
2886825022050009088
2886825022050009088
7498511040477396992
7498511040477396992
2886807361144487936
2886807361144487936
16721865416426651648
16721865416426651648
2886807361144487936
2886807361144487936
7498493379571875840
7498493379571875840
17226286166878191616
17226286166878191616
3391228180583940096
3391228180583940096
8002914198742892544
8002914198742892544
3391228180315504640
3391228180315504640
17226268574692147200
17226268574692147200
3391210519409983488
3391210519409983488
8002896537837371392
8002896537837371392
3391210519409983488
3391210519409983488
3319170586547064832
3319170586547060736
7930856604973400064
7930856604973400064
3319170586277576704
3319170586277576704
17154228641559740416
17154228641559740416
3319152925372055552
3319152925372055552
7930838943799443456
7930838943799443456
3319152925372055552
3319152925372055552
17154210980654219264
17154210980654219264
7786741416898596864
7786741416898592768
3175055398470156288
3175055398470156288
17010113453483884544
17010113453483884544
3175055329482244096
3175055329482244096
7786723755723587584
7786723755723587584
3175037737296199680
3175037737296199680
17010095792578363392
17010095792578363392
3175037737296199680
3175037737296199680
3175055398471208960
3175055398471204864
17010113453752320000
17010113453752320000
3175055329482244096
3175055329482244096
7786741347909632000
7786741347909632000
3175037737296199680
3175037737296199680
17010095792578363392
17010095792578363392
3175037737296199680
3175037737296199680
7786723755723587584
7786723755723587584
16721883077601660928
16721883077601656832
2886824953330532352
2886824953330532352
7498510971757920256
7498510971757920256
2886824953330532352
2886824953330532352
16721865416426651648
16721865416426651648
2886807361144487936
2886807361144487936
7498493379571875840
7498493379571875840
2886807361144487936
2886807361144487936
2886824953330532352
2886824953330532352
7498510971757920256
7498510971757920256
2886824953330532352
2886824953330532352
16721883008612696064
16721883008612696064
2886807361144487936
2886807361144487936
7498493379571875840
7498493379571875840
2886807361144487936
2886807361144487936
16721865416426651648
16721865416426651648
7498510971757920256
7498510971757920256
2886824953330532352
2886824953330532352
16721883008612696064
16721883008612696064
2886825022050009088
2886825022050009088
7498493379571875840
7498493379571875840
2886807361144487936
2886807361144487936
16721865416426651648
16721865416426651648
2886807361144487936
2886807361144487936
2886824953330532352
2886824953330532352
16721883008612696064
16721883008612696064
2886825022050009088
2886825022050009088
7498511040477396992
7498511040477396992
2886807361144487936
2886807361144487936
16721865416426651648
16721865416426651648
2886807361144487936
2886807361144487936
7498493379571875840
7498493379571875840
3391228111596027904
3391228111596027904
17226286166878191616
17226286166878191616
3391228180315504640
3391228180315504640
8002914198742892544
8002914198742892544
3391210519409983488
3391210519409983488
17226268574692147200
17226268574692147200
3391210519409983488
3391210519409983488
8002896537837371392
8002896537837371392
17154228572840263680
17154228572840263680
3319170586546012160
3319170586546012160
7930856604704964608
7930856604704964608
3319170586277576704
3319170586277576704
17154210980654219264
17154210980654219264
3319152925372055552
3319152925372055552
7930838943799443456
7930838943799443456
3319152925372055552
3319152925372055552
3175055398471208976
3175055398471204864
7786741416897544192
7786741416897544192
3175055398201720832
3175055398201720832
17010113453483884544
17010113453483884544
3175037737296199680
3175037737296199680
7786723755723587584
7786723755723587584
3175037737296199680
3175037737296199680
17010095792578363392
17010095792578363392
7786741416898596880
7786741416898592768
3175055398470156288
3175055398470156288
17010113453483884544
17010113453483884544
3175055329482244096
3175055329482244096
7786723755723587584
7786723755723587584
3175037737296199680
3175037737296199680
17010095792578363392
17010095792578363392
3175037737296199680
3175037737296199680
2886825022319497232
2886825022319493120
16721883077600608256
16721883077600608256
2886824953330532352
2886824953330532352
7498510971757920256
7498510971757920256
2886807361144487936
2886807361144487936
16721865416426651648
16721865416426651648
2886807361144487936
2886807361144487936
7498493379571875840
7498493379571875840
16721883077601660944
16721883077601656832
2886824953330532352
2886824953330532352
7498510971757920256
7498510971757920256
2886824953330532352
2886824953330532352
16721865416426651648
16721865416426651648
2886807361144487936
2886807361144487936
7498493379571875840
7498493379571875840
2886807361144487936
2886807361144487936
2886824953330532352
2886824953330532352
7498510971757920256
7498510971757920256
2886824953330532352
2886824953330532352
16721883008612696064
16721883008612696064
2886807361144487936
2886807361144487936
7498493379571875840
7498493379571875840
2886807361144487936
2886807361144487936
16721865416426651648
16721865416426651648
7498510971757920256
7498510971757920256
2886824953330532352
2886824953330532352
16721883008612696064
16721883008612696064
2886825022050009088
2886825022050009088
7498493379571875840
7498493379571875840
2886807361144487936
2886807361144487936
16721865416426651648
16721865416426651648
2886807361144487936
2886807361144487936
3391228111596027904
3391228111596027904
17226286166878191616
17226286166878191616
3391228180315504640
3391228180315504640
8002914198742892544
8002914198742892544
3391210519409983488
3391210519409983488
17226268574692147200
17226268574692147200
3391210519409983488
3391210519409983488
8002896537837371392
8002896537837371392
17154228572840263680
17154228572840263680
3319170586546012160
3319170586546012160
7930856604704964608
7930856604704964608
3319170586277576704
3319170586277576704
17154210980654219264
17154210980654219264
3319152925372055552
3319152925372055552
7930838943799443456
7930838943799443456
3319152925372055552
3319152925372055552
3175055398471208960
3175055398471204864
7786741416897544192
7786741416897544192
3175055398201720832
3175055398201720832
17010113453483884544
17010113453483884544
3175037737296199680
3175037737296199680
7786723755723587584
7786723755723587584
3175037737296199680
3175037737296199680
17010095792578363392
17010095792578363392
7786741416898596864
7786741416898592768
3175055398470156288
3175055398470156288
17010113453483884544
17010113453483884544
3175055329482244096
3175055329482244096
7786723755723587584
7786723755723587584
3175037737296199680
3175037737296199680
17010095792578363392
17010095792578363392
3175037737296199680
3175037737296199680
2886825022319497216
2886825022319493120
16721883077600608256
16721883077600608256
2886824953330532352
2886824953330532352
7498510971757920256
7498510971757920256
2886807361144487936
2886807361144487936
16721865416426651648
16721865416426651648
2886807361144487936
2886807361144487936
7498493379571875840
7498493379571875840
16721883077601660928
16721883077601656832
2886824953330532352
2886824953330532352
7498510971757920256
7498510971757920256
2886824953330532352
2886824953330532352
16721865416426651648
16721865416426651648
2886807361144487936
2886807361144487936
7498493379571875840
7498493379571875840
2886807361144487936
2886807361144487936
2886824953330532352
2886824953330532352
7498510971757920256
7498510971757920256
2886824953330532352
2886824953330532352
16721883008612696064
16721883008612696064
2886807361144487936
2886807361144487936
7498493379571875840
7498493379571875840
2886807361144487936
2886807361144487936
16721865416426651648
16721865416426651648
7498510971757920256
7498510971757920256
2886824953330532352
2886824953330532352
16721883008612696064
16721883008612696064
2886825022050009088
2886825022050009088
7498493379571875840
7498493379571875840
2886807361144487936
2886807361144487936
16721865416426651648
16721865416426651648
2886807361144487936
2886807361144487936
8002914130023415808
8002914130023415808
3391228111596027904
3391228111596027904
17226286166878191616
17226286166878191616
3391228180315504640
3391228180315504640
8002896537837371392
8002896537837371392
3391210519409983488
3391210519409983488
17226268574692147200
17226268574692147200
3391210519409983488
3391210519409983488
3319170517558099968
3319170517558099968
17154228572840263680
17154228572840263680
3319170586277576704
3319170586277576704
7930856604704964608
7930856604704964608
3319152925372055552
3319152925372055552
17154210980654219264
17154210980654219264
3319152925372055552
3319152925372055552
7930838943799443456
7930838943799443456
17010113384764407808
17010113384764407808
3175055398470156288
3175055398470156288
7786741416629108736
7786741416629108736
3175055398201720832
3175055398201720832
17010095792578363392
17010095792578363392
3175037737296199680
3175037737296199680
7786723755723587584
7786723755723587584
3175037737296199680
3175037737296199680
3175055398471208976
3175055398471204864
7786741416897544192
7786741416897544192
3175055398201720832
3175055398201720832
17010113453483884544
17010113453483884544
3175037737296199680
3175037737296199680
7786723755723587584
7786723755723587584
3175037737296199680
3175037737296199680
17010095792578363392
17010095792578363392
7498511040746885136
7498511040746881024
2886825022318444544
2886825022318444544
16721883077332172800
16721883077332172800
2886824953330532352
2886824953330532352
7498493379571875840
7498493379571875840
2886807361144487936
2886807361144487936
16721865416426651648
16721865416426651648
2886807361144487936
2886807361144487936
2886825022319497232
2886825022319493120
16721883077600608256
16721883077600608256
2886824953330532352
2886824953330532352
7498510971757920256
7498510971757920256
2886807361144487936
2886807361144487936
16721865416426651648
16721865416426651648
2886807361144487936
2886807361144487936
7498493379571875840
7498493379571875840
16721883077601660944
16721883077601656832
2886824953330532352
2886824953330532352
7498510971757920256
7498510971757920256
2886824953330532352
2886824953330532352
16721865416426651648
16721865416426651648
2886807361144487936
2886807361144487936
7498493379571875840
7498493379571875840
2886807361144487936
2886807361144487936
2886824953330532352
2886824953330532352
7498510971757920256
7498510971757920256
2886824953330532352
2886824953330532352
16721883008612696064
16721883008612696064
2886807361144487936
2886807361144487936
7498493379571875840
7498493379571875840
2886807361144487936
2886807361144487936
16721865416426651648
16721865416426651648
8002914130023415808
8002914130023415808
3391228111596027904
3391228111596027904
17226286166878191616
17226286166878191616
3391228180315504640
3391228180315504640
8002896537837371392
8002896537837371392
3391210519409983488
3391210519409983488
17226268574692147200
17226268574692147200
3391210519409983488
3391210519409983488
3319170517558099968
3319170517558099968
17154228572840263680
17154228572840263680
3319170586277576704
3319170586277576704
7930856604704964608
7930856604704964608
3319152925372055552
3319152925372055552
17154210980654219264
17154210980654219264
3319152925372055552
3319152925372055552
7930838943799443456
7930838943799443456
17010113384764407808
17010113384764407808
3175055398470156288
3175055398470156288
7786741416629108736
7786741416629108736
3175055398201720832
3175055398201720832
17010095792578363392
17010095792578363392
3175037737296199680
3175037737296199680
7786723755723587584
7786723755723587584
3175037737296199680
3175037737296199680
3175055398471208960
3175055398471204864
7786741416897544192
7786741416897544192
3175055398201720832
3175055398201720832
17010113453483884544
17010113453483884544
3175037737296199680
3175037737296199680
7786723755723587584
7786723755723587584
3175037737296199680
3175037737296199680
17010095792578363392
17010095792578363392
7498511040746885120
7498511040746881024
2886825022318444544
2886825022318444544
16721883077332172800
16721883077332172800
2886824953330532352
2886824953330532352
7498493379571875840
7498493379571875840
2886807361144487936
2886807361144487936
16721865416426651648
16721865416426651648
2886807361144487936
2886807361144487936
2886825022319497216
2886825022319493120
16721883077600608256
16721883077600608256
2886824953330532352
2886824953330532352
7498510971757920256
7498510971757920256
2886807361144487936
2886807361144487936
16721865416426651648
16721865416426651648
2886807361144487936
2886807361144487936
7498493379571875840
7498493379571875840
16721883077601660928
16721883077601656832
2886824953330532352
2886824953330532352
7498510971757920256
7498510971757920256
2886824953330532352
2886824953330532352
16721865416426651648
16721865416426651648
2886807361144487936
2886807361144487936
7498493379571875840
7498493379571875840
2886807361144487936
2886807361144487936
2886824953330532352
2886824953330532352
7498510971757920256
7498510971757920256
2886824953330532352
2886824953330532352
16721883008612696064
16721883008612696064
2886807361144487936
2886807361144487936
7498493379571875840
7498493379571875840
2886807361144487936
2886807361144487936
16721865416426651648
16721865416426651648
3391228111596027904
3391228111596027904
8002914130023415808
8002914130023415808
3391228111596027904
3391228111596027904
17226286166878191616
17226286166878191616
3391210519409983488
3391210519409983488
8002896537837371392
8002896537837371392
3391210519409983488
3391210519409983488
17226268574692147200
17226268574692147200
7930856535985487872
7930856535985487872
3319170517558099968
3319170517558099968
17154228572840263680
17154228572840263680
3319170586277576704
3319170586277576704
7930838943799443456
7930838943799443456
3319152925372055552
3319152925372055552
17154210980654219264
17154210980654219264
3319152925372055552
3319152925372055552
3175055329482244096
3175055329482244096
17010113384764407808
17010113384764407808
3175055398201720832
3175055398201720832
7786741416629108736
7786741416629108736
3175037737296199680
3175037737296199680
17010095792578363392
17010095792578363392
3175037737296199680
3175037737296199680
7786723755723587584
7786723755723587584
17010113384764407808
17010113384764407808
3175055398470156288
3175055398470156288
7786741416629108736
7786741416629108736
3175055398201720832
3175055398201720832
17010095792578363392
17010095792578363392
3175037737296199680
3175037737296199680
7786723755723587584
7786723755723587584
3175037737296199680
3175037737296199680
2886825022319497232
2886825022319493120
7498511040745832448
7498511040745832448
2886825022050009088
2886825022050009088
16721883077332172800
16721883077332172800
2886807361144487936
2886807361144487936
7498493379571875840
7498493379571875840
2886807361144487936
2886807361144487936
16721865416426651648
16721865416426651648
7498511040746885136
7498511040746881024
2886825022318444544
2886825022318444544
16721883077332172800
16721883077332172800
2886824953330532352
2886824953330532352
7498493379571875840
7498493379571875840
2886807361144487936
2886807361144487936
16721865416426651648
16721865416426651648
2886807361144487936
2886807361144487936
2886825022319497232
2886825022319493120
16721883077600608256
16721883077600608256
2886824953330532352
2886824953330532352
7498510971757920256
7498510971757920256
2886807361144487936
2886807361144487936
16721865416426651648
16721865416426651648
2886807361144487936
2886807361144487936
7498493379571875840
7498493379571875840
16721883077601660944
16721883077601656832
2886824953330532352
2886824953330532352
7498510971757920256
7498510971757920256
2886824953330532352
2886824953330532352
16721865416426651648
16721865416426651648
2886807361144487936
2886807361144487936
7498493379571875840
7498493379571875840
2886807361144487936
2886807361144487936
3391228111596027904
3391228111596027904
8002914130023415808
8002914130023415808
3391228111596027904
3391228111596027904
17226286166878191616
17226286166878191616
3391210519409983488
3391210519409983488
8002896537837371392
8002896537837371392
3391210519409983488
3391210519409983488
17226268574692147200
17226268574692147200
7930856535985487872
7930856535985487872
3319170517558099968
3319170517558099968
17154228572840263680
17154228572840263680
3319170586277576704
3319170586277576704
7930838943799443456
7930838943799443456
3319152925372055552
3319152925372055552
17154210980654219264
17154210980654219264
3319152925372055552
3319152925372055552
3175055329482244096
3175055329482244096
17010113384764407808
17010113384764407808
3175055398201720832
3175055398201720832
7786741416629108736
7786741416629108736
3175037737296199680
3175037737296199680
17010095792578363392
17010095792578363392
3175037737296199680
3175037737296199680
7786723755723587584
7786723755723587584
17010113384764407808
17010113384764407808
3175055398470156288
3175055398470156288
7786741416629108736
7786741416629108736
3175055398201720832
3175055398201720832
17010095792578363392
17010095792578363392
3175037737296199680
3175037737296199680
7786723755723587584
7786723755723587584
3175037737296199680
3175037737296199680
2886825022319497216
2886825022319493120
7498511040745832448
7498511040745832448
2886825022050009088
2886825022050009088
16721883077332172800
16721883077332172800
2886807361144487936
2886807361144487936
7498493379571875840
7498493379571875840
2886807361144487936
2886807361144487936
16721865416426651648
16721865416426651648
7498511040746885120
7498511040746881024
2886825022318444544
2886825022318444544
16721883077332172800
16721883077332172800
2886824953330532352
2886824953330532352
7498493379571875840
7498493379571875840
2886807361144487936
2886807361144487936
16721865416426651648
16721865416426651648
2886807361144487936
2886807361144487936
2886825022319497216
2886825022319493120
16721883077600608256
16721883077600608256
2886824953330532352
2886824953330532352
7498510971757920256
7498510971757920256
2886807361144487936
2886807361144487936
16721865416426651648
16721865416426651648
2886807361144487936
2886807361144487936
7498493379571875840
7498493379571875840
16721883077601660928
16721883077601656832
2886824953330532352
2886824953330532352
7498510971757920256
7498510971757920256
2886824953330532352
2886824953330532352
16721865416426651648
16721865416426651648
2886807361144487936
2886807361144487936
7498493379571875840
7498493379571875840
2886807361144487936
2886807361144487936
0
0
0
0
0
0
0
0
0
0
0
0
0
0
0
0
0
0
0
0
0
0
0
0
0
0
0
0
0
0
0
0
0
0
0
0
0
0
0
0
0
0
0
0
0
0
0
0
0
0
0
0
0
0
0
0
0
0
0
0
0
0
0
0
0
0
0
0
0
0
0
0
0
0
0
0
0
0
0
0
0
0
0
0
0
0
0
0
0
0
0
0
0
0
0
0
0
0
0
0
0
0
0
0
0
0
0
0
0
0
0
0
0
0
0
0
0
0
0
0
0
0
0
0
0
0
0
0
0
0
0
0
0
0
0
0
0
0
0
0
0
0
0
0
0
0
0
0
0
0
0
0
0
0
0
0
0
0
0
0
0
0
0
0
0
0
0
0
0
0
0
0
0
0
0
0
0
0
0
0
0
0
0
0
0
0
0
0
0
0
0
0
0
0
0
0
0
0
0
0
0
0
0
0
0
0
0
0
0
0
0
0
0
0
0
0
0
0
0
0
0
0
0
0
0
0
0
0
0
0
0
0
0
0
0
0
0
0
0
0
0
0
0
0
0
0
0
0
0
0
0
0
0
0
0
0
0
0
0
0
0
0
0
0
0
0
0
0
0
0
0
0
0
0
0
0
0
0
0
0
0
0
0
0
0
0
0
0
0
0
0
0
0
0
0
0
0
0
0
0
0
0
0
0
0
0
0
0
0
0
0
0
0
0
0
0
0
0
0
0
0
0
0
0
0
0
0
0
0
0
0
0
0
0
0
0
0
0
0
0
0
0
0
0
0
0
0
0
0
0
0
0
0
0
0
0
0
0
0
0
0
0
0
0
0
0
0
0
0
0
0
0
0
0
0
0
0
0
0
0
0
0
0
0
0
0
0
0
0
0
0
0
0
0
0
0
0
0
0
0
0
0
0
0
0
0
0
0
0
0
0
0
0
0
0
0
0
0
0
0
0
0
0
0
0
0
0
0
0
0
0
0
0
0
0
0
0
0
0
0
0
0
0
0
0
0
0
0
0
0
0
0
0
0
0
0
0
0
0
0
0
0
0
0
0
0
0
0
0
0
0
0
0
0
0
0
0
0
0
0
0
0
0
0
0
0
0
0
0
0
0
0
0
0
0
0
0
0
0
0
0
0
0
0
0
0
0
0
0
0
0
0
0
0
0
0
0
0
0
0
0
0
0
0
0
0
0
0
0
0
0
0
0
0
0
0
0
0
0
0
0
0
0
0
0
0
0
0
0
0
0
0
0
0
0
0
0
0
0
0
0
0
0
0
0
0
0
0
0
0
0
0
0
0
0
0
0
0
0
0
0
0
0
0
0
0
0
0
0
0
0
0
0
0
0
0
0
0
0
0
0
0
0
0
0
0
0
0
0
0
0
0
0
0
0
0
0
0
0
0
0
0
0
0
0
0
0
0
0
0
0
0
0
0
0
0
0
0
0
0
0
0
0
0
0
0
0
0
0
0
0
0
0
0
0
0
0
0
0
0
0
0
0
0
0
0
0
0
0
0
0
0
0
0
0
0
0
0
0
0
0
0
0
0
0
0
0
0
0
0
0
0
0
0
0
0
0
0
0
0
0
0
0
0
0
0
0
0
0
0
0
0
0
0
0
0
0
0
0
0
0
0
0
0
0
0
0
0
0
0
0
0
0
0
0
0
0
0
0
0
0
0
0
0
0
0
0
0
0
0
0
0
0
0
0
0
0
0
0
0
0
0
0
0
0
0
0
0
0
0
0
0
0
0
0
0
0
0
0
0
0
0
0
0
0
0
0
0
0
0
0
0
0
0
0
0
0
0
0
0
0
0
0
0
0
0
0
0
0
0
0
0
0
0
0
0
0
0
0
0
0
0
0
0
0
0
0
0
0
0
0
0
0
0
0
0
0
0
0
0
0
0
0
0
0
0
0
0
0
0
0
0
0
0
0
0
0
0
0
0
0
0
0
0
0
0
0
0
0
0
0
0
0
0
0
0
0
0
0
0
0
0
0
0
0
0
0
0
0
0
0
0
0
0
0
0
0
0
0
0
0
0
0
0
0
0
0
0
0
0
0
0
0
0
0
0
0
0
0
0
0
0
0
0
0
0
0
0
0
0
0
0
0
0
0
0
0
0
0
0
0
0
0
0
0
0
0
0
0
0
0
0
0
0
0
0
0
0
0
0
0
0
0
0
0
0
0
0
0
0
0
0
0
0
0
0
0
0
0
0
0
0
0
0
0
0
0
0
0
0
0
0
0
0
0
0
0
0
0
0
0
0
0
0
0
0
0
0
0
0
0
0
0
0
0
0
0
0
0
0
0
0
0
0
0
0
0
0
0
0
0
0
0
0
0
0
0
0
0
0
0
0
0
0
0
0
0
0
0
0
0
0
0
0
0
0
0
0
0
0
0
0
0
0
0
0
0
0
0
0
0
0
0
0
0
0
0
0
0
0
0
0
0
0
0
0
0
0
0
0
0
0
0
0
0
0
0
0
0
0
0
0
0
0
0
0
0
0
0
0
0
0
0
0
0
0
0
0
0
0
0
0
0
0
0
0
0
0
0
0
0
0
0
0
0
0
0
0
0
0
0
0
0
0
0
0
0
0
0
0
0
0
0
0
0
0
0
0
0
0
0
0
0
0
0
0
0
0
0
0
0
0
0
0
0
0
0
0
0
0
0
0
0
0
0
0
0
0
0
0
0
0
0
0
0
0
0
0
0
0
0
0
0
0
0
0
0
0
0
0
0
0
0
0
0
0
0
0
0
0
0
0
0
0
0
0
0
0
0
0
0
0
0
0
0
0
0
0
0
0
0
0
0
0
0
0
0
0
0
0
0
0
0
0
0
0
0
0
0
0
0
0
0
0
0
0
0
0
0
0
0
0
0
0
0
0
0
0
0
0
0
0
0
0
0
0
0
0
0
0
0
0
0
0
0
0
0
0
0
0
0
0
0
0
0
0
0
0
0
0
0
0
0
0
0
0
0
0
0
0
0
0
0
0
0
0
0
0
0
0
0
0
0
0
0
0
0
0
0
0
0
0
0
0
0
0
0
0
0
0
0
0
0
0
0
0
0
0
0
0
0
0
0
0
0
0
0
0
0
0
0
0
0
0
0
0
0
0
0
0
0
0
0
0
0
0
0
0
0
0
0
0
0
0
0
0
0
0
0
0
0
0
0
0
0
0
0
0
0
0
0
0
0
0
0
0
0
0
0
0
0
0
0
0
0
0
0
0
0
0
0
0
0
0
0
0
0
0
0
0
0
0
0
0
0
0
0
0
0
0
0
0
0
0
0
0
0
0
0
0
0
0
0
0
0
0
0
0
0
0
0
0
0
0
0
0
0
0
0
0
0
0
0
0
0
0
0
0
0
0
0
0
0
0
0
0
0
0
0
0
0
0
0
0
0
0
0
0
0
0
0
0
0
0
0
0
0
0
0
0
0
0
0
0
0
0
0
0
0
0
0
0
0
0
0
0
0
0
0
0
0
0
0
0
0
0
0
0
0
0
0
0
0
0
0
0
0
0
0
0
0
0
0
0
0
0
0
0
0
0
0
0
0
0
0
0
0
0
0
0
0
0
0
0
0
0
0
0
0
0
0
0
0
0
0
0
0
0
0
0
0
0
0
0
0
0
0
0
0
0
0
0
0
0
0
0
0
0
0
0
0
0
0
0
0
0
0
0
0
0
0
0
0
0
0
0
0
0
0
0
0
0
0
0
0
0
0
0
0
0
0
0
0
0
0
0
0
0
0
0
0
0
0
0
0
0
0
0
0
0
0
0
0
0
0
0
0
0
0
0
0
0
0
0
0
0
0
0
0
0
0
0
0
0
0
0
0
0
0
0
0
0
0
0
0
0
0
0
0
0
0
0
0
0
0
0
0
0
0
0
0
0
0
0
0
0
0
0
0
0
0
0
0
0
0
0
0
0
0
0
0
0
0
0
0
0
0
0
0
0
0
0
0
0
0
0
0
0
0
0
0
0
0
0
0
0
0
0
0
0
0
0
0
0
0
0
0
0
0
0
0
0
0
0
0
0
0
0
0
0
0
0
0
0
0
0
0
0
0
0
0
0
0
0
0
0
0
0
0
0
0
0
0
0
0
0
0
0
0
0
0
0
0
0
0
0
0
0
0
0
0
0
0
0
0
0
0
0
0
0
0
0
0
0
0
0
0
0
0
0
0
0
0
0
0
0
0
0
0
0
0
0
0
0
0
0
0
0
0
0
0
0
0
0
0
0
0
0
0
0
0
0
0
0
0
0
0
0
0
0
0
0
0
0
0
0
0
0
0
0
0
0
0
0
0
0
0
0
0
0
0
0
0
0
0
0
0
0
0
0
0
0
0
0
0
0
0
0
0
0
0
0
0
0
0
0
0
0
0
0
0
0
0
0
0
0
0
0
0
0
0
0
0
0
0
0
0
0
0
0
0
0
0
0
0
0
0
0
0
0
0
0
0
0
0
0
0
0
0
0
0
0
0
0
0
0
0
0
0
0
0
0
0
0
0
0
0
0
0
0
0
0
0
0
0
0
0
0
0
0
0
0
0
0
0
0
0
0
0
0
0
0
0
0
0
0
0
0
0
0
0
0
0
0
0
0
0
0
0
0
0
0
0
0
0
0
0
0
