9241421692918565393
9241421692918565392
9241421688623598097
9241421688623598096
9241421692918565377
9241421692918565376
9241421688623598081
9241421688623598080
4462742033
4462742032
167774737
167774736
4462742017
4462742016
167774721
167774720
73182218769
73182218768
68887251473
68887251472
73182218753
73182218752
68887251457
68887251456
4462742033
4462742032
167774737
167774736
4462742017
4462742016
167774721
167774720
35257554307601
35257554307600
35253259340305
35253259340304
35257554307585
35257554307584
35253259340289
35253259340288
4462742033
4462742032
167774737
167774736
4462742017
4462742016
167774721
167774720
73182218769
73182218768
68887251473
68887251472
73182218753
73182218752
68887251457
68887251456
4462742033
4462742032
167774737
167774736
4462742017
4462742016
167774721
167774720
18049656063789585
18049656063789584
18049651768822289
18049651768822288
18049656063789569
18049656063789568
18049651768822273
18049651768822272
4462742033
4462742032
167774737
167774736
4462742017
4462742016
167774721
167774720
73182218769
73182218768
68887251473
68887251472
73182218753
73182218752
68887251457
68887251456
4462742033
4462742032
167774737
167774736
4462742017
4462742016
167774721
167774720
35257554307601
35257554307600
35253259340305
35253259340304
35257554307585
35257554307584
35253259340289
35253259340288
4462742033
4462742032
167774737
167774736
4462742017
4462742016
167774721
167774720
73182218769
73182218768
68887251473
68887251472
73182218753
73182218752
68887251457
68887251456
4462742033
4462742032
167774737
167774736
4462742017
4462742016
167774721
167774720
0
0
0
0
0
0
0
0
0
0
0
0
0
0
0
0
0
0
0
0
0
0
0
0
0
0
0
0
0
0
0
0
0
0
0
0
0
0
0
0
0
0
0
0
0
0
0
0
0
0
0
0
0
0
0
0
0
0
0
0
0
0
0
0
0
0
0
0
0
0
0
0
0
0
0
0
0
0
0
0
0
0
0
0
0
0
0
0
0
0
0
0
0
0
0
0
0
0
0
0
0
0
0
0
0
0
0
0
0
0
0
0
0
0
0
0
0
0
0
0
0
0
0
0
0
0
0
0
0
0
0
0
0
0
0
0
0
0
0
0
0
0
0
0
0
0
0
0
0
0
0
0
0
0
0
0
0
0
0
0
0
0
0
0
0
0
0
0
0
0
0
0
0
0
0
0
0
0
0
0
0
0
0
0
0
0
0
0
0
0
0
0
0
0
0
0
0
0
0
0
0
0
0
0
0
0
0
0
0
0
0
0
0
0
0
0
0
0
0
0
0
0
0
0
0
0
0
0
0
0
0
0
0
0
0
0
0
0
0
0
0
0
0
0
0
0
0
0
0
0
0
0
0
0
0
0
0
0
0
0
0
0
0
0
0
0
0
0
0
0
0
0
0
0
0
0
0
0
0
0
0
0
0
0
0
0
0
0
0
0
0
0
0
0
0
0
0
0
0
0
0
0
0
0
0
0
0
0
0
0
0
0
0
0
0
0
0
0
0
0
0
0
0
0
0
0
0
0
0
0
0
0
0
0
0
0
0
0
0
0
0
0
0
0
0
0
0
0
0
0
0
0
0
0
0
0
0
0
0
0
0
0
0
0
0
0
0
0
0
0
0
0
0
0
0
0
0
0
0
0
0
0
0
0
