72625527495610504
72625527495610496
585457750152
585457750144
72625527495610376
72625527495610368
585457750024
585457750016
551098011784
551098011776
551098011784
551098011776
551098011656
551098011648
551098011656
551098011648
4983504261256
4983504261248
585457750152
585457750144
4983504261128
4983504261120
585457750024
585457750016
551098011784
551098011776
551098011784
551098011776
551098011656
551098011648
551098011656
551098011648
72624977739796616
72624977739796608
35701936264
35701936256
72624977739796488
72624977739796480
35701936136
35701936128
1342197896
1342197888
1342197896
1342197888
1342197768
1342197760
1342197768
1342197760
4433748447368
4433748447360
35701936264
35701936256
4433748447240
4433748447232
35701936136
35701936128
1342197896
1342197888
1342197896
1342197888
1342197768
1342197760
1342197768
1342197760
567933457682568
567933457682560
585457750152
585457750144
567933457682440
567933457682432
585457750024
585457750016
551098011784
551098011776
551098011784
551098011776
551098011656
551098011648
551098011656
551098011648
4983504261256
4983504261248
585457750152
585457750144
4983504261128
4983504261120
585457750024
585457750016
551098011784
551098011776
551098011784
551098011776
551098011656
551098011648
551098011656
551098011648
567383701868680
567383701868672
35701936264
35701936256
567383701868552
567383701868544
35701936136
35701936128
1342197896
1342197888
1342197896
1342197888
1342197768
1342197760
1342197768
1342197760
4433748447368
4433748447360
35701936264
35701936256
4433748447240
4433748447232
35701936136
35701936128
1342197896
1342197888
1342197896
1342197888
1342197768
1342197760
1342197768
1342197760
0
0
0
0
0
0
0
0
0
0
0
0
0
0
0
0
0
0
0
0
0
0
0
0
0
0
0
0
0
0
0
0
0
0
0
0
0
0
0
0
0
0
0
0
0
0
0
0
0
0
0
0
0
0
0
0
0
0
0
0
0
0
0
0
0
0
0
0
0
0
0
0
0
0
0
0
0
0
0
0
0
0
0
0
0
0
0
0
0
0
0
0
0
0
0
0
0
0
0
0
0
0
0
0
0
0
0
0
0
0
0
0
0
0
0
0
0
0
0
0
0
0
0
0
0
0
0
0
0
0
0
0
0
0
0
0
0
0
0
0
0
0
0
0
0
0
0
0
0
0
0
0
0
0
0
0
0
0
0
0
0
0
0
0
0
0
0
0
0
0
0
0
0
0
0
0
0
0
0
0
0
0
0
0
0
0
0
0
0
0
0
0
0
0
0
0
0
0
0
0
0
0
0
0
0
0
0
0
0
0
0
0
0
0
0
0
0
0
0
0
0
0
0
0
0
0
0
0
0
0
0
0
0
0
0
0
0
0
0
0
0
0
0
0
0
0
0
0
0
0
0
0
0
0
0
0
0
0
0
0
0
0
0
0
0
0
0
0
0
0
0
0
0
0
0
0
0
0
0
0
0
0
0
0
0
0
0
0
0
0
0
0
0
0
0
0
0
0
0
0
0
0
0
0
0
0
0
0
0
0
0
0
0
0
0
0
0
0
0
0
0
0
0
0
0
0
0
0
0
0
0
0
0
0
0
0
0
0
0
0
0
0
0
0
0
0
0
0
0
0
0
0
0
0
0
0
0
0
0
0
0
0
0
0
0
0
0
0
0
0
0
0
0
0
0
0
0
0
0
0
0
0
0
0
