9241705379636978241
9241705379636978240
9241705379636977728
9241705379636977728
9241423904660267585
9241423904660267584
9241423904660267072
9241423904660267072
9241705379636969985
9241705379636969984
9241705379636969472
9241705379636969472
9241423904660259329
9241423904660259328
9241423904660258816
9241423904660258816
9241705379636978177
9241705379636978176
9241705379636977664
9241705379636977664
9241423904660267521
9241423904660267520
9241423904660267008
9241423904660267008
9241705379636969985
9241705379636969984
9241705379636969472
9241705379636969472
9241423904660259329
9241423904660259328
9241423904660258816
9241423904660258816
9241421705637012033
9241421705637012032
9241421705637011520
9241421705637011520
9241421705637012033
9241421705637012032
9241421705637011520
9241421705637011520
9241421705637003777
9241421705637003776
9241421705637003264
9241421705637003264
9241421705637003777
9241421705637003776
9241421705637003264
9241421705637003264
9241421705637011969
9241421705637011968
9241421705637011456
9241421705637011456
9241421705637011969
9241421705637011968
9241421705637011456
9241421705637011456
9241421705637003777
9241421705637003776
9241421705637003264
9241421705637003264
9241421705637003777
9241421705637003776
9241421705637003264
9241421705637003264
318944272720449
318944272720448
318944272719936
318944272719936
37469296009793
37469296009792
37469296009280
37469296009280
318944272712193
318944272712192
318944272711680
318944272711680
37469296001537
37469296001536
37469296001024
37469296001024
318944272720385
318944272720384
318944272719872
318944272719872
37469296009729
37469296009728
37469296009216
37469296009216
318944272712193
318944272712192
318944272711680
318944272711680
37469296001537
37469296001536
37469296001024
37469296001024
35270272754241
35270272754240
35270272753728
35270272753728
35270272754241
35270272754240
35270272753728
35270272753728
35270272745985
35270272745984
35270272745472
35270272745472
35270272745985
35270272745984
35270272745472
35270272745472
35270272754177
35270272754176
35270272753664
35270272753664
35270272754177
35270272754176
35270272753664
35270272753664
35270272745985
35270272745984
35270272745472
35270272745472
35270272745985
35270272745984
35270272745472
35270272745472
283759900631617
283759900631616
283759900631104
283759900631104
2284923920961
2284923920960
2284923920448
2284923920448
283759900623361
283759900623360
283759900622848
283759900622848
2284923912705
2284923912704
2284923912192
2284923912192
283759900631553
283759900631552
283759900631040
283759900631040
2284923920897
2284923920896
2284923920384
2284923920384
283759900623361
283759900623360
283759900622848
283759900622848
2284923912705
2284923912704
2284923912192
2284923912192
85900665409
85900665408
85900664896
85900664896
85900665409
85900665408
85900664896
85900664896
85900657153
85900657152
85900656640
85900656640
85900657153
85900657152
85900656640
85900656640
85900665345
85900665344
85900664832
85900664832
85900665345
85900665344
85900664832
85900664832
85900657153
85900657152
85900656640
85900656640
85900657153
85900657152
85900656640
85900656640
283759900631617
283759900631616
283759900631104
283759900631104
2284923920961
2284923920960
2284923920448
2284923920448
283759900623361
283759900623360
283759900622848
283759900622848
2284923912705
2284923912704
2284923912192
2284923912192
283759900631553
283759900631552
283759900631040
283759900631040
2284923920897
2284923920896
2284923920384
2284923920384
283759900623361
283759900623360
283759900622848
283759900622848
2284923912705
2284923912704
2284923912192
2284923912192
85900665409
85900665408
85900664896
85900664896
85900665409
85900665408
85900664896
85900664896
85900657153
85900657152
85900656640
85900656640
85900657153
85900657152
85900656640
85900656640
85900665345
85900665344
85900664832
85900664832
85900665345
85900665344
85900664832
85900664832
85900657153
85900657152
85900656640
85900656640
85900657153
85900657152
85900656640
85900656640
18333342782202433
18333342782202432
18333342782201920
18333342782201920
18051867805491777
18051867805491776
18051867805491264
18051867805491264
18333342782194177
18333342782194176
18333342782193664
18333342782193664
18051867805483521
18051867805483520
18051867805483008
18051867805483008
18333342782202369
18333342782202368
18333342782201856
18333342782201856
18051867805491713
18051867805491712
18051867805491200
18051867805491200
18333342782194177
18333342782194176
18333342782193664
18333342782193664
18051867805483521
18051867805483520
18051867805483008
18051867805483008
18049668782236225
18049668782236224
18049668782235712
18049668782235712
18049668782236225
18049668782236224
18049668782235712
18049668782235712
18049668782227969
18049668782227968
18049668782227456
18049668782227456
18049668782227969
18049668782227968
18049668782227456
18049668782227456
18049668782236161
18049668782236160
18049668782235648
18049668782235648
18049668782236161
18049668782236160
18049668782235648
18049668782235648
18049668782227969
18049668782227968
18049668782227456
18049668782227456
18049668782227969
18049668782227968
18049668782227456
18049668782227456
318944272720449
318944272720448
318944272719936
318944272719936
37469296009793
37469296009792
37469296009280
37469296009280
318944272712193
318944272712192
318944272711680
318944272711680
37469296001537
37469296001536
37469296001024
37469296001024
318944272720385
318944272720384
318944272719872
318944272719872
37469296009729
37469296009728
37469296009216
37469296009216
318944272712193
318944272712192
318944272711680
318944272711680
37469296001537
37469296001536
37469296001024
37469296001024
35270272754241
35270272754240
35270272753728
35270272753728
35270272754241
35270272754240
35270272753728
35270272753728
35270272745985
35270272745984
35270272745472
35270272745472
35270272745985
35270272745984
35270272745472
35270272745472
35270272754177
35270272754176
35270272753664
35270272753664
35270272754177
35270272754176
35270272753664
35270272753664
35270272745985
35270272745984
35270272745472
35270272745472
35270272745985
35270272745984
35270272745472
35270272745472
283759900631617
283759900631616
283759900631104
283759900631104
2284923920961
2284923920960
2284923920448
2284923920448
283759900623361
283759900623360
283759900622848
283759900622848
2284923912705
2284923912704
2284923912192
2284923912192
283759900631553
283759900631552
283759900631040
283759900631040
2284923920897
2284923920896
2284923920384
2284923920384
283759900623361
283759900623360
283759900622848
283759900622848
2284923912705
2284923912704
2284923912192
2284923912192
85900665409
85900665408
85900664896
85900664896
85900665409
85900665408
85900664896
85900664896
85900657153
85900657152
85900656640
85900656640
85900657153
85900657152
85900656640
85900656640
85900665345
85900665344
85900664832
85900664832
85900665345
85900665344
85900664832
85900664832
85900657153
85900657152
85900656640
85900656640
85900657153
85900657152
85900656640
85900656640
283759900631617
283759900631616
283759900631104
283759900631104
2284923920961
2284923920960
2284923920448
2284923920448
283759900623361
283759900623360
283759900622848
283759900622848
2284923912705
2284923912704
2284923912192
2284923912192
283759900631553
283759900631552
283759900631040
283759900631040
2284923920897
2284923920896
2284923920384
2284923920384
283759900623361
283759900623360
283759900622848
283759900622848
2284923912705
2284923912704
2284923912192
2284923912192
85900665409
85900665408
85900664896
85900664896
85900665409
85900665408
85900664896
85900664896
85900657153
85900657152
85900656640
85900656640
85900657153
85900657152
85900656640
85900656640
85900665345
85900665344
85900664832
85900664832
85900665345
85900665344
85900664832
85900664832
85900657153
85900657152
85900656640
85900656640
85900657153
85900657152
85900656640
85900656640
