108724279602332802
36103735610983554
36666685564387328
36103735610966016
108724279602332800
36103735610983552
36666685564387328
36103735610966016
36099337564472450
36099337564472450
36099337564454912
36099337564454912
36099337564472448
36099337564472448
36099337564454912
36099337564454912
72695482583368834
74938592019586
637888545423360
74938592002048
72695482583368832
74938592019584
637888545423360
74938592002048
70540545508482
70540545508482
70540545490944
70540545490944
70540545508480
70540545508480
70540545490944
70540545490944
72625113839191170
4569847841922
567519801245696
4569847824384
72625113839191168
4569847841920
567519801245696
4569847824384
171801330818
171801330818
171801313280
171801313280
171801330816
171801330816
171801313280
171801313280
72625113839191170
4569847841922
567519801245696
4569847824384
72625113839191168
4569847841920
567519801245696
4569847824384
171801330818
171801330818
171801313280
171801313280
171801330816
171801330816
171801313280
171801313280
108724279602331776
36103735610982528
108724279602332674
36103735610983426
108724279602331776
36103735610982528
108724279602332672
36103735610983424
36099337564471424
36099337564471424
36099337564472322
36099337564472322
36099337564471424
36099337564471424
36099337564472320
36099337564472320
72695482583367808
74938592018560
72695482583368706
74938592019458
72695482583367808
74938592018560
72695482583368704
74938592019456
70540545507456
70540545507456
70540545508354
70540545508354
70540545507456
70540545507456
70540545508352
70540545508352
72625113839190144
4569847840896
72625113839191042
4569847841794
72625113839190144
4569847840896
72625113839191040
4569847841792
171801329792
171801329792
171801330690
171801330690
171801329792
171801329792
171801330688
171801330688
72625113839190144
4569847840896
72625113839191042
4569847841794
72625113839190144
4569847840896
72625113839191040
4569847841792
171801329792
171801329792
171801330690
171801330690
171801329792
171801329792
171801330688
171801330688
36666685564404866
36103735610983554
108724279602331648
36103735610982400
36666685564404864
36103735610983552
108724279602331648
36103735610982400
36099337564472450
36099337564472450
36099337564471296
36099337564471296
36099337564472448
36099337564472448
36099337564471296
36099337564471296
637888545440898
74938592019586
72695482583367680
74938592018432
637888545440896
74938592019584
72695482583367680
74938592018432
70540545508482
70540545508482
70540545507328
70540545507328
70540545508480
70540545508480
70540545507328
70540545507328
567519801263234
4569847841922
72625113839190016
4569847840768
567519801263232
4569847841920
72625113839190016
4569847840768
171801330818
171801330818
171801329664
171801329664
171801330816
171801330816
171801329664
171801329664
567519801263234
4569847841922
72625113839190016
4569847840768
567519801263232
4569847841920
72625113839190016
4569847840768
171801330818
171801330818
171801329664
171801329664
171801330816
171801330816
171801329664
171801329664
36666685564403840
36103735610982528
36666685564404738
36103735610983426
36666685564403840
36103735610982528
36666685564404736
36103735610983424
36099337564471424
36099337564471424
36099337564472322
36099337564472322
36099337564471424
36099337564471424
36099337564472320
36099337564472320
637888545439872
74938592018560
637888545440770
74938592019458
637888545439872
74938592018560
637888545440768
74938592019456
70540545507456
70540545507456
70540545508354
70540545508354
70540545507456
70540545507456
70540545508352
70540545508352
567519801262208
4569847840896
567519801263106
4569847841794
567519801262208
4569847840896
567519801263104
4569847841792
171801329792
171801329792
171801330690
171801330690
171801329792
171801329792
171801330688
171801330688
567519801262208
4569847840896
567519801263106
4569847841794
567519801262208
4569847840896
567519801263104
4569847841792
171801329792
171801329792
171801330690
171801330690
171801329792
171801329792
171801330688
171801330688
108724279602316290
36103735610967042
36666685564403712
36103735610982400
108724279602316288
36103735610967040
36666685564403712
36103735610982400
36099337564455938
36099337564455938
36099337564471296
36099337564471296
36099337564455936
36099337564455936
36099337564471296
36099337564471296
72695482583352322
74938592003074
637888545439744
74938592018432
72695482583352320
74938592003072
637888545439744
74938592018432
70540545491970
70540545491970
70540545507328
70540545507328
70540545491968
70540545491968
70540545507328
70540545507328
72625113839174658
4569847825410
567519801262080
4569847840768
72625113839174656
4569847825408
567519801262080
4569847840768
171801314306
171801314306
171801329664
171801329664
171801314304
171801314304
171801329664
171801329664
72625113839174658
4569847825410
567519801262080
4569847840768
72625113839174656
4569847825408
567519801262080
4569847840768
171801314306
171801314306
171801329664
171801329664
171801314304
171801314304
171801329664
171801329664
108724279602315264
36103735610966016
108724279602316290
36103735610967042
108724279602315264
36103735610966016
108724279602316288
36103735610967040
36099337564454912
36099337564454912
36099337564455938
36099337564455938
36099337564454912
36099337564454912
36099337564455936
36099337564455936
72695482583351296
74938592002048
72695482583352322
74938592003074
72695482583351296
74938592002048
72695482583352320
74938592003072
70540545490944
70540545490944
70540545491970
70540545491970
70540545490944
70540545490944
70540545491968
70540545491968
72625113839173632
4569847824384
72625113839174658
4569847825410
72625113839173632
4569847824384
72625113839174656
4569847825408
171801313280
171801313280
171801314306
171801314306
171801313280
171801313280
171801314304
171801314304
72625113839173632
4569847824384
72625113839174658
4569847825410
72625113839173632
4569847824384
72625113839174656
4569847825408
171801313280
171801313280
171801314306
171801314306
171801313280
171801313280
171801314304
171801314304
36666685564388354
36103735610967042
108724279602315264
36103735610966016
36666685564388352
36103735610967040
108724279602315264
36103735610966016
36099337564455938
36099337564455938
36099337564454912
36099337564454912
36099337564455936
36099337564455936
36099337564454912
36099337564454912
637888545424386
74938592003074
72695482583351296
74938592002048
637888545424384
74938592003072
72695482583351296
74938592002048
70540545491970
70540545491970
70540545490944
70540545490944
70540545491968
70540545491968
70540545490944
70540545490944
567519801246722
4569847825410
72625113839173632
4569847824384
567519801246720
4569847825408
72625113839173632
4569847824384
171801314306
171801314306
171801313280
171801313280
171801314304
171801314304
171801313280
171801313280
567519801246722
4569847825410
72625113839173632
4569847824384
567519801246720
4569847825408
72625113839173632
4569847824384
171801314306
171801314306
171801313280
171801313280
171801314304
171801314304
171801313280
171801313280
36666685564387328
36103735610966016
36666685564388354
36103735610967042
36666685564387328
36103735610966016
36666685564388352
36103735610967040
36099337564454912
36099337564454912
36099337564455938
36099337564455938
36099337564454912
36099337564454912
36099337564455936
36099337564455936
637888545423360
74938592002048
637888545424386
74938592003074
637888545423360
74938592002048
637888545424384
74938592003072
70540545490944
70540545490944
70540545491970
70540545491970
70540545490944
70540545490944
70540545491968
70540545491968
567519801245696
4569847824384
567519801246722
4569847825410
567519801245696
4569847824384
567519801246720
4569847825408
171801313280
171801313280
171801314306
171801314306
171801313280
171801313280
171801314304
171801314304
567519801245696
4569847824384
567519801246722
4569847825410
567519801245696
4569847824384
567519801246720
4569847825408
171801313280
171801313280
171801314306
171801314306
171801313280
171801313280
171801314304
171801314304
