145390965166737412
145390965166737408
145390965166735360
145390965166735360
149877184038916
149877184038912
149877184036864
149877184036864
145390965166704644
145390965166704640
145390965166702592
145390965166702592
149877184006148
149877184006144
149877184004096
149877184004096
141081091016708
141081091016704
141081091014656
141081091014656
141081091016708
141081091016704
141081091014656
141081091014656
141081090983940
141081090983936
141081090981888
141081090981888
141081090983940
141081090983936
141081090981888
141081090981888
1275777090881540
1275777090881536
1275777090879488
1275777090879488
149877184038916
149877184038912
149877184036864
149877184036864
1275777090848772
1275777090848768
1275777090846720
1275777090846720
149877184006148
149877184006144
149877184004096
149877184004096
141081091016708
141081091016704
141081091014656
141081091014656
141081091016708
141081091016704
141081091014656
141081091014656
141081090983940
141081090983936
141081090981888
141081090981888
141081090983940
141081090983936
141081090981888
141081090981888
145250227678382084
145250227678382080
145250227678380032
145250227678380032
9139695683588
9139695683584
9139695681536
9139695681536
145250227678349316
145250227678349312
145250227678347264
145250227678347264
9139695650820
9139695650816
9139695648768
9139695648768
343602661380
343602661376
343602659328
343602659328
343602661380
343602661376
343602659328
343602659328
343602628612
343602628608
343602626560
343602626560
343602628612
343602628608
343602626560
343602626560
1135039602526212
1135039602526208
1135039602524160
1135039602524160
9139695683588
9139695683584
9139695681536
9139695681536
1135039602493444
1135039602493440
1135039602491392
1135039602491392
9139695650820
9139695650816
9139695648768
9139695648768
343602661380
343602661376
343602659328
343602659328
343602661380
343602661376
343602659328
343602659328
343602628612
343602628608
343602626560
343602626560
343602628612
343602628608
343602626560
343602626560
0
0
0
0
0
0
0
0
0
0
0
0
0
0
0
0
0
0
0
0
0
0
0
0
0
0
0
0
0
0
0
0
0
0
0
0
0
0
0
0
0
0
0
0
0
0
0
0
0
0
0
0
0
0
0
0
0
0
0
0
0
0
0
0
0
0
0
0
0
0
0
0
0
0
0
0
0
0
0
0
0
0
0
0
0
0
0
0
0
0
0
0
0
0
0
0
0
0
0
0
0
0
0
0
0
0
0
0
0
0
0
0
0
0
0
0
0
0
0
0
0
0
0
0
0
0
0
0
0
0
0
0
0
0
0
0
0
0
0
0
0
0
0
0
0
0
0
0
0
0
0
0
0
0
0
0
0
0
0
0
0
0
0
0
0
0
0
0
0
0
0
0
0
0
0
0
0
0
0
0
0
0
0
0
0
0
0
0
0
0
0
0
0
0
0
0
0
0
0
0
0
0
0
0
0
0
0
0
0
0
0
0
0
0
0
0
0
0
0
0
0
0
0
0
0
0
0
0
0
0
0
0
0
0
0
0
0
0
0
0
0
0
0
0
0
0
0
0
0
0
0
0
0
0
0
0
0
0
0
0
0
0
0
0
0
0
0
0
0
0
0
0
0
0
0
0
0
0
0
0
0
0
0
0
0
0
0
0
0
0
0
0
0
0
0
0
0
0
0
0
0
0
0
0
0
0
0
0
0
0
0
0
0
0
0
0
0
0
0
0
0
0
0
0
0
0
0
0
0
0
0
0
0
0
0
0
0
0
0
0
0
0
0
0
0
0
0
0
0
0
0
0
0
0
0
0
0
0
0
0
0
0
0
0
0
0
0
0
0
0
0
0
0
0
0
0
0
0
0
0
0
0
0
0
