9386671504487645697
9386671504487645696
9386671504487645184
9386671504487645184
9386671504487383040
9386671504487383040
9386671504487383040
9386671504487383040
9242556316411789825
9242556316411789824
9242556316411789312
9242556316411789312
9242556316411527168
9242556316411527168
9242556316411527168
9242556316411527168
9386671504483418625
9386671504483418624
9386671504483418112
9386671504483418112
9386671504483155968
9386671504483155968
9386671504483155968
9386671504483155968
9242556316407562753
9242556316407562752
9242556316407562240
9242556316407562240
9242556316407300096
9242556316407300096
9242556316407300096
9242556316407300096
9386671504487612929
9386671504487612928
9386671504487612416
9386671504487612416
9386671504487350272
9386671504487350272
9386671504487350272
9386671504487350272
9242556316411757057
9242556316411757056
9242556316411756544
9242556316411756544
9242556316411494400
9242556316411494400
9242556316411494400
9242556316411494400
9386671504483418625
9386671504483418624
9386671504483418112
9386671504483418112
9386671504483155968
9386671504483155968
9386671504483155968
9386671504483155968
9242556316407562753
9242556316407562752
9242556316407562240
9242556316407562240
9242556316407300096
9242556316407300096
9242556316407300096
9242556316407300096
9241430416504947201
9241430416504947200
9241430416504946688
9241430416504946688
9241430416504684544
9241430416504684544
9241430416504684544
9241430416504684544
9241430416504947201
9241430416504947200
9241430416504946688
9241430416504946688
9241430416504684544
9241430416504684544
9241430416504684544
9241430416504684544
9241430416500720129
9241430416500720128
9241430416500719616
9241430416500719616
9241430416500457472
9241430416500457472
9241430416500457472
9241430416500457472
9241430416500720129
9241430416500720128
9241430416500719616
9241430416500719616
9241430416500457472
9241430416500457472
9241430416500457472
9241430416500457472
9241430416504914433
9241430416504914432
9241430416504913920
9241430416504913920
9241430416504651776
9241430416504651776
9241430416504651776
9241430416504651776
9241430416504914433
9241430416504914432
9241430416504913920
9241430416504913920
9241430416504651776
9241430416504651776
9241430416504651776
9241430416504651776
9241430416500720129
9241430416500720128
9241430416500719616
9241430416500719616
9241430416500457472
9241430416500457472
9241430416500457472
9241430416500457472
9241430416500720129
9241430416500720128
9241430416500719616
9241430416500719616
9241430416500457472
9241430416500457472
9241430416500457472
9241430416500457472
163299467632869889
163299467632869888
163299467632869376
163299467632869376
163299467632607232
163299467632607232
163299467632607232
163299467632607232
19184279557014017
19184279557014016
19184279557013504
19184279557013504
19184279556751360
19184279556751360
19184279556751360
19184279556751360
163299467628642817
163299467628642816
163299467628642304
163299467628642304
163299467628380160
163299467628380160
163299467628380160
163299467628380160
19184279552786945
19184279552786944
19184279552786432
19184279552786432
19184279552524288
19184279552524288
19184279552524288
19184279552524288
163299467632837121
163299467632837120
163299467632836608
163299467632836608
163299467632574464
163299467632574464
163299467632574464
163299467632574464
19184279556981249
19184279556981248
19184279556980736
19184279556980736
19184279556718592
19184279556718592
19184279556718592
19184279556718592
163299467628642817
163299467628642816
163299467628642304
163299467628642304
163299467628380160
163299467628380160
163299467628380160
163299467628380160
19184279552786945
19184279552786944
19184279552786432
19184279552786432
19184279552524288
19184279552524288
19184279552524288
19184279552524288
18058379650171393
18058379650171392
18058379650170880
18058379650170880
18058379649908736
18058379649908736
18058379649908736
18058379649908736
18058379650171393
18058379650171392
18058379650170880
18058379650170880
18058379649908736
18058379649908736
18058379649908736
18058379649908736
18058379645944321
18058379645944320
18058379645943808
18058379645943808
18058379645681664
18058379645681664
18058379645681664
18058379645681664
18058379645944321
18058379645944320
18058379645943808
18058379645943808
18058379645681664
18058379645681664
18058379645681664
18058379645681664
18058379650138625
18058379650138624
18058379650138112
18058379650138112
18058379649875968
18058379649875968
18058379649875968
18058379649875968
18058379650138625
18058379650138624
18058379650138112
18058379650138112
18058379649875968
18058379649875968
18058379649875968
18058379649875968
18058379645944321
18058379645944320
18058379645943808
18058379645943808
18058379645681664
18058379645681664
18058379645681664
18058379645681664
18058379645944321
18058379645944320
18058379645943808
18058379645943808
18058379645681664
18058379645681664
18058379645681664
18058379645681664
145285069123387905
145285069123387904
145285069123387392
145285069123387392
145285069123125248
145285069123125248
145285069123125248
145285069123125248
1169881047532033
1169881047532032
1169881047531520
1169881047531520
1169881047269376
1169881047269376
1169881047269376
1169881047269376
145285069119160833
145285069119160832
145285069119160320
145285069119160320
145285069118898176
145285069118898176
145285069118898176
145285069118898176
1169881043304961
1169881043304960
1169881043304448
1169881043304448
1169881043042304
1169881043042304
1169881043042304
1169881043042304
145285069123355137
145285069123355136
145285069123354624
145285069123354624
145285069123092480
145285069123092480
145285069123092480
145285069123092480
1169881047499265
1169881047499264
1169881047498752
1169881047498752
1169881047236608
1169881047236608
1169881047236608
1169881047236608
145285069119160833
145285069119160832
145285069119160320
145285069119160320
145285069118898176
145285069118898176
145285069118898176
145285069118898176
1169881043304961
1169881043304960
1169881043304448
1169881043304448
1169881043042304
1169881043042304
1169881043042304
1169881043042304
43981140689409
43981140689408
43981140688896
43981140688896
43981140426752
43981140426752
43981140426752
43981140426752
43981140689409
43981140689408
43981140688896
43981140688896
43981140426752
43981140426752
43981140426752
43981140426752
43981136462337
43981136462336
43981136461824
43981136461824
43981136199680
43981136199680
43981136199680
43981136199680
43981136462337
43981136462336
43981136461824
43981136461824
43981136199680
43981136199680
43981136199680
43981136199680
43981140656641
43981140656640
43981140656128
43981140656128
43981140393984
43981140393984
43981140393984
43981140393984
43981140656641
43981140656640
43981140656128
43981140656128
43981140393984
43981140393984
43981140393984
43981140393984
43981136462337
43981136462336
43981136461824
43981136461824
43981136199680
43981136199680
43981136199680
43981136199680
43981136462337
43981136462336
43981136461824
43981136461824
43981136199680
43981136199680
43981136199680
43981136199680
145285069123387905
145285069123387904
145285069123387392
145285069123387392
145285069123125248
145285069123125248
145285069123125248
145285069123125248
1169881047532033
1169881047532032
1169881047531520
1169881047531520
1169881047269376
1169881047269376
1169881047269376
1169881047269376
145285069119160833
145285069119160832
145285069119160320
145285069119160320
145285069118898176
145285069118898176
145285069118898176
145285069118898176
1169881043304961
1169881043304960
1169881043304448
1169881043304448
1169881043042304
1169881043042304
1169881043042304
1169881043042304
145285069123355137
145285069123355136
145285069123354624
145285069123354624
145285069123092480
145285069123092480
145285069123092480
145285069123092480
1169881047499265
1169881047499264
1169881047498752
1169881047498752
1169881047236608
1169881047236608
1169881047236608
1169881047236608
145285069119160833
145285069119160832
145285069119160320
145285069119160320
145285069118898176
145285069118898176
145285069118898176
145285069118898176
1169881043304961
1169881043304960
1169881043304448
1169881043304448
1169881043042304
1169881043042304
1169881043042304
1169881043042304
43981140689409
43981140689408
43981140688896
43981140688896
43981140426752
43981140426752
43981140426752
43981140426752
43981140689409
43981140689408
43981140688896
43981140688896
43981140426752
43981140426752
43981140426752
43981140426752
43981136462337
43981136462336
43981136461824
43981136461824
43981136199680
43981136199680
43981136199680
43981136199680
43981136462337
43981136462336
43981136461824
43981136461824
43981136199680
43981136199680
43981136199680
43981136199680
43981140656641
43981140656640
43981140656128
43981140656128
43981140393984
43981140393984
43981140393984
43981140393984
43981140656641
43981140656640
43981140656128
43981140656128
43981140393984
43981140393984
43981140393984
43981140393984
43981136462337
43981136462336
43981136461824
43981136461824
43981136199680
43981136199680
43981136199680
43981136199680
43981136462337
43981136462336
43981136461824
43981136461824
43981136199680
43981136199680
43981136199680
43981136199680
