326598935265674242
326598935265674240
326598935265673216
326598935265673216
38368559113962498
38368559113962496
38368559113961472
38368559113961472
326598935265148928
326598935265148928
326598935265148928
326598935265148928
38368559113437184
38368559113437184
38368559113437184
38368559113437184
36116759300277250
36116759300277248
36116759300276224
36116759300276224
36116759300277250
36116759300277248
36116759300276224
36116759300276224
36116759299751936
36116759299751936
36116759299751936
36116759299751936
36116759299751936
36116759299751936
36116759299751936
36116759299751936
326598935257285634
326598935257285632
326598935257284608
326598935257284608
38368559105573890
38368559105573888
38368559105572864
38368559105572864
326598935256760320
326598935256760320
326598935256760320
326598935256760320
38368559105048576
38368559105048576
38368559105048576
38368559105048576
36116759291888642
36116759291888640
36116759291887616
36116759291887616
36116759291888642
36116759291888640
36116759291887616
36116759291887616
36116759291363328
36116759291363328
36116759291363328
36116759291363328
36116759291363328
36116759291363328
36116759291363328
36116759291363328
290570138246710274
290570138246710272
290570138246709248
290570138246709248
2339762094998530
2339762094998528
2339762094997504
2339762094997504
290570138246184960
290570138246184960
290570138246184960
290570138246184960
2339762094473216
2339762094473216
2339762094473216
2339762094473216
87962281313282
87962281313280
87962281312256
87962281312256
87962281313282
87962281313280
87962281312256
87962281312256
87962280787968
87962280787968
87962280787968
87962280787968
87962280787968
87962280787968
87962280787968
87962280787968
290570138238321666
290570138238321664
290570138238320640
290570138238320640
2339762086609922
2339762086609920
2339762086608896
2339762086608896
290570138237796352
290570138237796352
290570138237796352
290570138237796352
2339762086084608
2339762086084608
2339762086084608
2339762086084608
87962272924674
87962272924672
87962272923648
87962272923648
87962272924674
87962272924672
87962272923648
87962272923648
87962272399360
87962272399360
87962272399360
87962272399360
87962272399360
87962272399360
87962272399360
87962272399360
0
0
0
0
0
0
0
0
0
0
0
0
0
0
0
0
0
0
0
0
0
0
0
0
0
0
0
0
0
0
0
0
0
0
0
0
0
0
0
0
0
0
0
0
0
0
0
0
0
0
0
0
0
0
0
0
0
0
0
0
0
0
0
0
0
0
0
0
0
0
0
0
0
0
0
0
0
0
0
0
0
0
0
0
0
0
0
0
0
0
0
0
0
0
0
0
0
0
0
0
0
0
0
0
0
0
0
0
0
0
0
0
0
0
0
0
0
0
0
0
0
0
0
0
0
0
0
0
0
0
0
0
0
0
0
0
0
0
0
0
0
0
0
0
0
0
0
0
0
0
0
0
0
0
0
0
0
0
0
0
0
0
0
0
0
0
0
0
0
0
0
0
0
0
0
0
0
0
0
0
0
0
0
0
0
0
0
0
0
0
0
0
0
0
0
0
0
0
0
0
0
0
0
0
0
0
0
0
0
0
0
0
0
0
0
0
0
0
0
0
0
0
0
0
0
0
0
0
0
0
0
0
0
0
0
0
0
0
0
0
0
0
0
0
0
0
0
0
0
0
0
0
0
0
0
0
0
0
0
0
0
0
0
0
0
0
0
0
0
0
0
0
0
0
0
0
0
0
0
0
0
0
0
0
0
0
0
0
0
0
0
0
0
0
0
0
0
0
0
0
0
0
0
0
0
0
0
0
0
0
0
0
0
0
0
0
0
0
0
0
0
0
0
0
0
0
0
0
0
0
0
0
0
0
0
0
0
0
0
0
0
0
0
0
0
0
0
0
0
0
0
0
0
0
0
0
0
0
0
0
0
0
0
0
0
0
0
0
0
0
0
0
0
0
0
0
0
0
0
0
0
0
0
0
