1227793891648880768
1227793891648880640
1227793891648864256
1227793891648864256
1227793891646767104
1227793891646767104
1227793891646767104
1227793891646767104
1227793891632103552
1227793891632103424
1227793891632087040
1227793891632087040
1227793891629989888
1227793891629989888
1227793891629989888
1227793891629989888
1155736297610952832
1155736297610952704
1155736297610936320
1155736297610936320
1155736297608839168
1155736297608839168
1155736297608839168
1155736297608839168
1155736297594175616
1155736297594175488
1155736297594159104
1155736297594159104
1155736297592061952
1155736297592061952
1155736297592061952
1155736297592061952
1227793891378331648
1227793891378331648
1227793891378331648
1227793891378331648
1227793891378331648
1227793891378331648
1227793891378331648
1227793891378331648
1227793891361554432
1227793891361554432
1227793891361554432
1227793891361554432
1227793891361554432
1227793891361554432
1227793891361554432
1227793891361554432
1155736297340403712
1155736297340403712
1155736297340403712
1155736297340403712
1155736297340403712
1155736297340403712
1155736297340403712
1155736297340403712
1155736297323626496
1155736297323626496
1155736297323626496
1155736297323626496
1155736297323626496
1155736297323626496
1155736297323626496
1155736297323626496
74872387042033792
74872387042033664
74872387042017280
74872387042017280
74872387039920128
74872387039920128
74872387039920128
74872387039920128
74872387025256576
74872387025256448
74872387025240064
74872387025240064
74872387023142912
74872387023142912
74872387023142912
74872387023142912
2814793004105856
2814793004105728
2814793004089344
2814793004089344
2814793001992192
2814793001992192
2814793001992192
2814793001992192
2814792987328640
2814792987328512
2814792987312128
2814792987312128
2814792985214976
2814792985214976
2814792985214976
2814792985214976
74872386771484672
74872386771484672
74872386771484672
74872386771484672
74872386771484672
74872386771484672
74872386771484672
74872386771484672
74872386754707456
74872386754707456
74872386754707456
74872386754707456
74872386754707456
74872386754707456
74872386754707456
74872386754707456
2814792733556736
2814792733556736
2814792733556736
2814792733556736
2814792733556736
2814792733556736
2814792733556736
2814792733556736
2814792716779520
2814792716779520
2814792716779520
2814792716779520
2814792716779520
2814792716779520
2814792716779520
2814792716779520
0
0
0
0
0
0
0
0
0
0
0
0
0
0
0
0
0
0
0
0
0
0
0
0
0
0
0
0
0
0
0
0
0
0
0
0
0
0
0
0
0
0
0
0
0
0
0
0
0
0
0
0
0
0
0
0
0
0
0
0
0
0
0
0
0
0
0
0
0
0
0
0
0
0
0
0
0
0
0
0
0
0
0
0
0
0
0
0
0
0
0
0
0
0
0
0
0
0
0
0
0
0
0
0
0
0
0
0
0
0
0
0
0
0
0
0
0
0
0
0
0
0
0
0
0
0
0
0
0
0
0
0
0
0
0
0
0
0
0
0
0
0
0
0
0
0
0
0
0
0
0
0
0
0
0
0
0
0
0
0
0
0
0
0
0
0
0
0
0
0
0
0
0
0
0
0
0
0
0
0
0
0
0
0
0
0
0
0
0
0
0
0
0
0
0
0
0
0
0
0
0
0
0
0
0
0
0
0
0
0
0
0
0
0
0
0
0
0
0
0
0
0
0
0
0
0
0
0
0
0
0
0
0
0
0
0
0
0
0
0
0
0
0
0
0
0
0
0
0
0
0
0
0
0
0
0
0
0
0
0
0
0
0
0
0
0
0
0
0
0
0
0
0
0
0
0
0
0
0
0
0
0
0
0
0
0
0
0
0
0
0
0
0
0
0
0
0
0
0
0
0
0
0
0
0
0
0
0
0
0
0
0
0
0
0
0
0
0
0
0
0
0
0
0
0
0
0
0
0
0
0
0
0
0
0
0
0
0
0
0
0
0
0
0
0
0
0
0
0
0
0
0
0
0
0
0
0
0
0
0
0
0
0
0
0
0
0
0
0
0
0
0
0
0
0
0
0
0
0
0
0
0
0
0
