4911175566595588352
4911175566528348160
4911175566595457024
4911175566528348160
4911175565513457920
4911175565446217728
4911175565513326592
4911175565446217728
4911175566595588096
4911175566528348160
4911175566595457024
4911175566528348160
4911175565513457664
4911175565446217728
4911175565513326592
4911175565446217728
4622945190443876608
4622945190376636416
4622945190443745280
4622945190376636416
4622945189361746176
4622945189294505984
4622945189361614848
4622945189294505984
4622945190443876352
4622945190376636416
4622945190443745280
4622945190376636416
4622945189361745920
4622945189294505984
4622945189361614848
4622945189294505984
4911175566587199744
4911175566519959552
4911175566587068416
4911175566519959552
4911175565513457920
4911175565446217728
4911175565513326592
4911175565446217728
4911175566587199488
4911175566519959552
4911175566587068416
4911175566519959552
4911175565513457664
4911175565446217728
4911175565513326592
4911175565446217728
4622945190435488000
4622945190368247808
4622945190435356672
4622945190368247808
4622945189361746176
4622945189294505984
4622945189361614848
4622945189294505984
4622945190435487744
4622945190368247808
4622945190435356672
4622945190368247808
4622945189361745920
4622945189294505984
4622945189361614848
4622945189294505984
299489548168200448
299489548100960256
299489548168069120
299489548100960256
299489547086070016
299489547018829824
299489547085938688
299489547018829824
299489548168200192
299489548100960256
299489548168069120
299489548100960256
299489547086069760
299489547018829824
299489547085938688
299489547018829824
11259172016488704
11259171949248512
11259172016357376
11259171949248512
11259170934358272
11259170867118080
11259170934226944
11259170867118080
11259172016488448
11259171949248512
11259172016357376
11259171949248512
11259170934358016
11259170867118080
11259170934226944
11259170867118080
299489548159811840
299489548092571648
299489548159680512
299489548092571648
299489547086070016
299489547018829824
299489547085938688
299489547018829824
299489548159811584
299489548092571648
299489548159680512
299489548092571648
299489547086069760
299489547018829824
299489547085938688
299489547018829824
11259172008100096
11259171940859904
11259172007968768
11259171940859904
11259170934358272
11259170867118080
11259170934226944
11259170867118080
11259172008099840
11259171940859904
11259172007968768
11259171940859904
11259170934358016
11259170867118080
11259170934226944
11259170867118080
0
0
0
0
0
0
0
0
0
0
0
0
0
0
0
0
0
0
0
0
0
0
0
0
0
0
0
0
0
0
0
0
0
0
0
0
0
0
0
0
0
0
0
0
0
0
0
0
0
0
0
0
0
0
0
0
0
0
0
0
0
0
0
0
0
0
0
0
0
0
0
0
0
0
0
0
0
0
0
0
0
0
0
0
0
0
0
0
0
0
0
0
0
0
0
0
0
0
0
0
0
0
0
0
0
0
0
0
0
0
0
0
0
0
0
0
0
0
0
0
0
0
0
0
0
0
0
0
0
0
0
0
0
0
0
0
0
0
0
0
0
0
0
0
0
0
0
0
0
0
0
0
0
0
0
0
0
0
0
0
0
0
0
0
0
0
0
0
0
0
0
0
0
0
0
0
0
0
0
0
0
0
0
0
0
0
0
0
0
0
0
0
0
0
0
0
0
0
0
0
0
0
0
0
0
0
0
0
0
0
0
0
0
0
0
0
0
0
0
0
0
0
0
0
0
0
0
0
0
0
0
0
0
0
0
0
0
0
0
0
0
0
0
0
0
0
0
0
0
0
0
0
0
0
0
0
0
0
0
0
0
0
0
0
0
0
0
0
0
0
0
0
0
0
0
0
0
0
0
0
0
0
0
0
0
0
0
0
0
0
0
0
0
0
0
0
0
0
0
0
0
0
0
0
0
0
0
0
0
0
0
0
0
0
0
0
0
0
0
0
0
0
0
0
0
0
0
0
0
0
0
0
0
0
0
0
0
0
0
0
0
0
0
0
0
0
0
0
0
0
0
0
0
0
0
0
0
0
0
0
0
0
0
0
0
0
0
0
0
0
0
0
0
0
0
0
0
0
0
0
0
0
0
0
